Sample	Rhesus	Human	Rat	Mouse	PhiX	Lambda	Multiple Genomes	No hits
38897_44643_SO1_NC1_A1_1_val_1_screen	34991.0	292.0	7.0	9.0	0.0	0.0	55819.0	8095.0
38897_44643_SO1_NC1_A1_2_val_2_screen	33120.0	274.0	20.0	21.0	20.0	0.0	58179.0	7579.0
38897_44643_SO2_NC1_B1_1_val_1_screen	32703.0	207.0	3.0	7.0	0.0	0.0	59240.0	7364.0
38897_44643_SO2_NC1_B1_2_val_2_screen	31428.0	180.0	10.0	4.0	13.0	0.0	61500.0	6389.0
38897_44643_SO3_NC1_C2_1_val_1_screen	33686.0	224.0	3.0	16.0	0.0	0.0	58829.0	6928.0
38897_44643_SO3_NC1_C2_2_val_2_screen	32030.0	205.0	9.0	15.0	8.0	0.0	61578.0	5841.0
38897_44700_PO1_NC5_D1_1_val_1_screen	37887.0	198.0	8.0	10.0	0.0	0.0	55441.0	6846.0
38897_44700_PO1_NC5_D1_2_val_2_screen	35590.0	176.0	5.0	9.0	13.0	0.0	58715.0	5882.0
38897_44700_SO1_NC1_E1_1_val_1_screen	35428.0	286.0	11.0	11.0	7.0	0.0	55542.0	8088.0
38897_44700_SO1_NC1_E1_2_val_2_screen	33100.0	284.0	10.0	16.0	20.0	0.0	58471.0	7472.0
38897_44700_SO2_NC1_F1_1_val_1_screen	37227.0	205.0	2.0	3.0	10.0	0.0	56717.0	7087.0
38897_44700_SO2_NC1_F1_2_val_2_screen	34941.0	201.0	8.0	10.0	22.0	0.0	59964.0	6105.0
38897_44700_SO3_NC1_G1_1_val_1_screen	35705.0	284.0	6.0	11.0	0.0	0.0	56517.0	7006.0
38897_44700_SO3_NC1_G1_2_val_2_screen	33684.0	289.0	10.0	12.0	2.0	0.0	58934.0	6598.0
38897_44700_SO4_NC1_H1_1_val_1_screen	36435.0	430.0	5.0	8.0	2.0	0.0	55403.0	6595.0
38897_44700_SO4_NC1_H1_2_val_2_screen	34227.0	403.0	14.0	10.0	10.0	0.0	57886.0	6328.0
39053_45005_PO1_NC2_I1_1_val_1_screen	38314.0	206.0	8.0	4.0	0.0	0.0	52373.0	7797.0
39053_45005_PO1_NC2_I1_2_val_2_screen	35765.0	220.0	15.0	11.0	9.0	0.0	55349.0	7333.0
39053_45005_SO1_NC1_J1_1_val_1_screen	50547.0	181.0	14.0	10.0	1.0	0.0	43219.0	7084.0
39053_45005_SO1_NC1_J1_2_val_2_screen	47651.0	185.0	17.0	22.0	12.0	0.0	46469.0	6700.0
39053_45005_SO2_NC1_K1_1_val_1_screen	42361.0	212.0	5.0	12.0	0.0	0.0	49359.0	7455.0
39053_45005_SO2_NC1_K1_2_val_2_screen	39383.0	178.0	7.0	22.0	16.0	0.0	52661.0	7137.0
41237_44641_PO1_NC4_N2_1_val_1_screen	33447.0	271.0	5.0	3.0	0.0	0.0	58350.0	7973.0
41237_44641_PO1_NC4_N2_2_val_2_screen	31667.0	278.0	10.0	12.0	8.0	0.0	60791.0	7283.0
41237_44641_SO1_NC1_K2_1_val_1_screen	33709.0	249.0	3.0	11.0	1.0	0.0	57966.0	8059.0
41237_44641_SO1_NC1_K2_2_val_2_screen	31935.0	239.0	15.0	11.0	8.0	0.0	60941.0	6849.0
41237_44641_SO2_NC1_L2_1_val_1_screen	34923.0	214.0	4.0	4.0	9.0	0.0	58174.0	6659.0
41237_44641_SO2_NC1_L2_2_val_2_screen	32839.0	233.0	12.0	17.0	20.0	0.0	60657.0	6209.0
41237_44641_SO3_NC1_M2_1_val_1_screen	36237.0	291.0	11.0	12.0	0.0	0.0	56006.0	7396.0
41237_44641_SO3_NC1_M2_2_val_2_screen	33910.0	288.0	19.0	14.0	13.0	0.0	59123.0	6586.0
41299_44636_SOe_NC1_L1_1_val_1_screen	35827.0	254.0	8.0	18.0	0.0	0.0	57553.0	6361.0
41299_44636_SOe_NC1_L1_2_val_2_screen	33546.0	221.0	16.0	12.0	13.0	0.0	59832.0	6381.0
41299_44963_PO1_NC3_N1_1_val_1_screen	45702.0	220.0	17.0	12.0	2.0	0.0	45541.0	7354.0
41299_44963_PO1_NC3_N1_2_val_2_screen	42756.0	210.0	27.0	35.0	24.0	0.0	49114.0	6682.0
41299_44963_PO2_NC4_M1_1_val_1_screen	39134.0	242.0	25.0	22.0	1.0	0.0	54680.0	7651.0
41299_44963_PO2_NC4_M1_2_val_2_screen	36628.0	210.0	34.0	23.0	26.0	0.0	57254.0	7580.0
41299_44963_PO3_NC3_O1_1_val_1_screen	48409.0	184.0	8.0	13.0	1.0	0.0	44288.0	6405.0
41299_44963_PO3_NC3_O1_2_val_2_screen	45381.0	183.0	17.0	12.0	19.0	0.0	47440.0	6256.0
41299_44963_SO1_NC1_P1_1_val_1_screen	34465.0	232.0	7.0	7.0	0.0	0.0	58554.0	6537.0
41299_44963_SO1_NC1_P1_2_val_2_screen	32567.0	201.0	20.0	14.0	13.0	0.0	61698.0	5289.0
41299_44963_SO2_NC1_A2_1_val_1_screen	35744.0	197.0	8.0	8.0	0.0	0.0	55583.0	6626.0
41299_44963_SO2_NC1_A2_2_val_2_screen	33916.0	205.0	7.0	5.0	13.0	0.0	57758.0	6262.0
41299_44963_SO3_NC1_B2_1_val_1_screen	40475.0	162.0	9.0	7.0	0.0	0.0	50816.0	6327.0
41299_44963_SO3_NC1_B2_2_val_2_screen	37804.0	157.0	5.0	14.0	16.0	0.0	54040.0	5760.0
41299_45019_EO1_NC8_C1_1_val_1_screen	33639.0	286.0	52.0	33.0	0.0	0.0	55455.0	17806.0
41299_45019_EO1_NC8_C1_2_val_2_screen	32125.0	664.0	132.0	153.0	13.0	0.0	60765.0	13419.0
41299_45019_EO2_NC8_D2_1_val_1_screen	32042.0	223.0	6.0	7.0	0.0	0.0	60422.0	7181.0
41299_45019_EO2_NC8_D2_2_val_2_screen	29921.0	206.0	9.0	10.0	6.0	0.0	63637.0	6092.0
41299_45019_EO3_NC8_E2_1_val_1_screen	30075.0	213.0	11.0	7.0	0.0	0.0	61682.0	8118.0
41299_45019_EO3_NC8_E2_2_val_2_screen	28897.0	205.0	8.0	7.0	9.0	0.0	63843.0	7137.0
41299_45019_EO4_NC8_F2_1_val_1_screen	33327.0	252.0	8.0	8.0	0.0	0.0	58942.0	7687.0
41299_45019_EO4_NC8_F2_2_val_2_screen	31655.0	231.0	17.0	12.0	15.0	0.0	61590.0	6704.0
41299_45019_EO5_NC8_G2_1_val_1_screen	33162.0	254.0	9.0	4.0	0.0	0.0	58999.0	7623.0
41299_45019_EO5_NC8_G2_2_val_2_screen	31496.0	230.0	16.0	12.0	10.0	0.0	61544.0	6743.0
41299_45019_EO6_NC8_H2_1_val_1_screen	36248.0	251.0	23.0	5.0	0.0	0.0	56060.0	7054.0
41299_45019_EO6_NC8_H2_2_val_2_screen	33885.0	232.0	24.0	15.0	19.0	0.0	58791.0	6675.0
41299_45019_EO7_NC8_I2_1_val_1_screen	34267.0	352.0	114.0	11.0	0.0	0.0	63387.0	11377.0
41299_45019_EO7_NC8_I2_2_val_2_screen	32307.0	322.0	111.0	11.0	8.0	0.0	67277.0	9472.0
41299_45019_EO8_NC8_J2_1_val_1_screen	35344.0	244.0	17.0	9.0	0.0	0.0	57302.0	7327.0
41299_45019_EO8_NC8_J2_2_val_2_screen	33016.0	200.0	21.0	12.0	13.0	0.0	60416.0	6565.0
41391_44650_PO1_NC4_F3_1_val_1_screen	33984.0	208.0	9.0	11.0	0.0	0.0	58146.0	7456.0
41391_44650_PO1_NC4_F3_2_val_2_screen	31886.0	210.0	11.0	7.0	15.0	0.0	60948.0	6737.0
41391_44650_PO2_NC4_G3_1_val_1_screen	35037.0	225.0	11.0	13.0	0.0	0.0	57598.0	6894.0
41391_44650_PO2_NC4_G3_2_val_2_screen	32683.0	222.0	18.0	9.0	16.0	0.0	60265.0	6565.0
41391_44650_PO3_NC3_E3_1_val_1_screen	34986.0	246.0	5.0	7.0	0.0	0.0	57553.0	7135.0
41391_44650_PO3_NC3_E3_2_val_2_screen	32476.0	183.0	15.0	13.0	15.0	0.0	60865.0	6365.0
41391_44650_SO1_NC1_B3_1_val_1_screen	34995.0	237.0	32.0	17.0	0.0	0.0	57804.0	8314.0
41391_44650_SO1_NC1_B3_2_val_2_screen	33327.0	225.0	20.0	17.0	11.0	0.0	60316.0	7483.0
41391_44650_SO2_NC1_C4_1_val_1_screen	34033.0	239.0	10.0	13.0	0.0	0.0	58183.0	7121.0
41391_44650_SO2_NC1_C4_2_val_2_screen	31919.0	230.0	19.0	16.0	11.0	0.0	60921.0	6483.0
41391_44650_SO3_NC1_D3_1_val_1_screen	34143.0	225.0	13.0	9.0	0.0	0.0	58339.0	6958.0
41391_44650_SO3_NC1_D3_2_val_2_screen	32077.0	211.0	16.0	17.0	15.0	0.0	61310.0	6041.0
41391_44923_PO1_NC3_H3_1_val_1_screen	30908.0	260.0	12.0	9.0	2.0	0.0	59201.0	9632.0
41391_44923_PO1_NC3_H3_2_val_2_screen	29655.0	222.0	9.0	10.0	28.0	0.0	61869.0	8231.0
41391_44923_PO2_NC3_I3_1_val_1_screen	34792.0	235.0	14.0	17.0	0.0	0.0	57434.0	7272.0
41391_44923_PO2_NC3_I3_2_val_2_screen	32580.0	246.0	16.0	20.0	21.0	0.0	60048.0	6833.0
41391_44923_PO3_NC5_J3_1_val_1_screen	42169.0	211.0	13.0	17.0	3.0	0.0	50819.0	7244.0
41391_44923_PO3_NC5_J3_2_val_2_screen	39316.0	204.0	19.0	28.0	22.0	0.0	54115.0	6772.0
41391_44923_PO4_NC4_K3_1_val_1_screen	40810.0	251.0	16.0	22.0	0.0	0.0	52770.0	7282.0
41391_44923_PO4_NC4_K3_2_val_2_screen	37843.0	231.0	21.0	22.0	29.0	0.0	55986.0	7019.0
41391_44923_SO1_NC1_O2_1_val_1_screen	43981.0	180.0	8.0	11.0	1.0	0.0	48346.0	6932.0
41391_44923_SO1_NC1_O2_2_val_2_screen	41342.0	164.0	5.0	13.0	13.0	0.0	51458.0	6464.0
41391_44923_SO2_NC1_P2_1_val_1_screen	44891.0	194.0	11.0	8.0	0.0	0.0	48644.0	6635.0
41391_44923_SO2_NC1_P2_2_val_2_screen	41543.0	166.0	12.0	15.0	10.0	0.0	52886.0	5751.0
41391_44923_SO3_NC1_A3_1_val_1_screen	17297.0	2662.0	30.0	31.0	0.0	0.0	39210.0	8912.0
41391_44923_SO3_NC1_A3_2_val_2_screen	16384.0	2568.0	44.0	48.0	9.0	0.0	41049.0	8040.0
41460_44643_PO1_NC5_O3_1_val_1_screen	35284.0	220.0	8.0	13.0	1.0	0.0	56930.0	7431.0
41460_44643_PO1_NC5_O3_2_val_2_screen	33279.0	192.0	13.0	27.0	20.0	0.0	59634.0	6722.0
41460_44643_PO2_NC5_P3_1_val_1_screen	34883.0	323.0	9.0	16.0	1.0	0.0	56531.0	8425.0
41460_44643_PO2_NC5_P3_2_val_2_screen	33129.0	272.0	19.0	30.0	29.0	0.0	58414.0	8295.0
41460_44643_PO3_NC5_A4_1_val_1_screen	34296.0	214.0	6.0	13.0	0.0	0.0	58306.0	6998.0
41460_44643_PO3_NC5_A4_2_val_2_screen	32385.0	190.0	11.0	14.0	14.0	0.0	60311.0	6908.0
41460_44643_SO1_NC1_L3_1_val_1_screen	34587.0	303.0	21.0	19.0	0.0	0.0	57080.0	6480.0
41460_44643_SO1_NC1_L3_2_val_2_screen	32440.0	255.0	29.0	23.0	23.0	0.0	59003.0	6717.0
41460_44643_SO2_NC1_M3_1_val_1_screen	35695.0	268.0	18.0	14.0	0.0	0.0	57776.0	6798.0
41460_44643_SO2_NC1_M3_2_val_2_screen	33296.0	259.0	35.0	27.0	27.0	0.0	60037.0	6888.0
41460_44643_SO3_NC1_N3_1_val_1_screen	34585.0	250.0	4.0	10.0	0.0	0.0	58462.0	6604.0
41460_44643_SO3_NC1_N3_2_val_2_screen	32534.0	230.0	22.0	17.0	22.0	0.0	60956.0	6134.0
41460_45001_PO1_NC5_E4_1_val_1_screen	36676.0	210.0	8.0	12.0	0.0	0.0	56668.0	6794.0
41460_45001_PO1_NC5_E4_2_val_2_screen	34056.0	208.0	17.0	17.0	17.0	0.0	60232.0	5821.0
41460_45001_PO2_NC3_F4_1_val_1_screen	39483.0	184.0	9.0	7.0	1.0	0.0	55353.0	6173.0
41460_45001_PO2_NC3_F4_2_val_2_screen	36887.0	165.0	18.0	17.0	15.0	0.0	58441.0	5667.0
41460_45001_PO3_NC4_G4_1_val_1_screen	34444.0	226.0	6.0	6.0	1.0	0.0	59973.0	7299.0
41460_45001_PO3_NC4_G4_2_val_2_screen	33006.0	244.0	15.0	18.0	10.0	0.0	61679.0	6983.0
41460_45001_SO1_NC1_B4_1_val_1_screen	33849.0	255.0	15.0	7.0	0.0	0.0	58149.0	7298.0
41460_45001_SO1_NC1_B4_2_val_2_screen	31808.0	212.0	7.0	18.0	14.0	0.0	60883.0	6631.0
41460_45001_SO2_NC1_C3_1_val_1_screen	33972.0	245.0	19.0	22.0	1.0	0.0	56039.0	9083.0
41460_45001_SO2_NC1_C3_2_val_2_screen	31866.0	202.0	25.0	32.0	18.0	0.0	59536.0	7702.0
41460_45001_SO3_NC1_D4_1_val_1_screen	34249.0	227.0	6.0	14.0	17.0	0.0	59410.0	6669.0
41460_45001_SO3_NC1_D4_2_val_2_screen	32149.0	177.0	11.0	9.0	29.0	0.0	62615.0	5602.0
42111_44957_PO1_NC3_K4_1_val_1_screen	40122.0	238.0	16.0	17.0	0.0	0.0	52607.0	6263.0
42111_44957_PO1_NC3_K4_2_val_2_screen	37404.0	193.0	26.0	32.0	23.0	0.0	55004.0	6581.0
42111_44957_PO2_NC3_L4_1_val_1_screen	36760.0	224.0	13.0	18.0	0.0	0.0	55923.0	6546.0
42111_44957_PO2_NC3_L4_2_val_2_screen	34209.0	215.0	23.0	12.0	22.0	0.0	58746.0	6257.0
42111_44957_SO1_NC1_H4_1_val_1_screen	39504.0	219.0	15.0	10.0	0.0	0.0	53996.0	6570.0
42111_44957_SO1_NC1_H4_2_val_2_screen	37198.0	202.0	18.0	30.0	20.0	0.0	56266.0	6580.0
42111_44957_SO2_NC1_B5_1_val_1_screen	34852.0	234.0	4.0	7.0	0.0	0.0	59191.0	6275.0
42111_44957_SO2_NC1_B5_2_val_2_screen	32919.0	170.0	8.0	10.0	8.0	0.0	61817.0	5631.0
42111_44957_SO3_NC1_J4_1_val_1_screen	35946.0	243.0	12.0	12.0	5.0	0.0	58493.0	6844.0
42111_44957_SO3_NC1_J4_2_val_2_screen	33881.0	272.0	21.0	15.0	20.0	0.0	60796.0	6550.0
42111_45019_EOo_NC8_M4_1_val_1_screen	33178.0	284.0	22.0	16.0	2.0	0.0	58547.0	7592.0
42111_45019_EOo_NC8_M4_2_val_2_screen	31730.0	255.0	46.0	33.0	29.0	0.0	60285.0	7263.0
42473_44998_PO1_NC2_I4_1_val_1_screen	54242.0	204.0	14.0	21.0	0.0	0.0	42926.0	6173.0
42473_44998_PO1_NC2_I4_2_val_2_screen	50110.0	211.0	21.0	20.0	25.0	0.0	46813.0	6380.0
42473_44998_SO1_NC1_P4_1_val_1_screen	73100.0	498.0	99.0	86.0	1.0	0.0	90658.0	19889.0
42473_44998_SO1_NC1_P4_2_val_2_screen	68870.0	539.0	191.0	134.0	49.0	18.0	97259.0	17271.0
42473_44998_SO2_NC1_A5_1_val_1_screen	38345.0	278.0	4.0	14.0	0.0	0.0	53303.0	6899.0
42473_44998_SO2_NC1_A5_2_val_2_screen	36023.0	270.0	10.0	10.0	12.0	0.0	56272.0	6246.0
42473_45061_EO1_NC8_O4_1_val_1_screen	41505.0	400.0	20.0	19.0	58.0	0.0	48075.0	8292.0
42473_45061_EO1_NC8_O4_2_val_2_screen	38721.0	358.0	40.0	33.0	72.0	0.0	50942.0	8203.0
42651_45042_PO1_NC3_E5_1_val_1_screen	35873.0	245.0	6.0	11.0	0.0	0.0	57450.0	6634.0
42651_45042_PO1_NC3_E5_2_val_2_screen	33633.0	232.0	4.0	8.0	12.0	0.0	60608.0	5722.0
42651_45042_PO2_NC4_N4_1_val_1_screen	35670.0	322.0	21.0	17.0	0.0	0.0	57074.0	7364.0
42651_45042_PO2_NC4_N4_2_val_2_screen	32898.0	290.0	29.0	25.0	24.0	0.0	60160.0	7042.0
42651_45042_PO3_NC4_G5_1_val_1_screen	34202.0	387.0	8.0	16.0	0.0	0.0	57989.0	6970.0
42651_45042_PO3_NC4_G5_2_val_2_screen	32472.0	339.0	6.0	13.0	23.0	0.0	60018.0	6701.0
42651_45042_SO1_NC1_C6_1_val_1_screen	37285.0	220.0	11.0	7.0	0.0	0.0	54145.0	6582.0
42651_45042_SO1_NC1_C6_2_val_2_screen	34842.0	197.0	13.0	17.0	31.0	0.0	57344.0	5806.0
42651_45042_SO2_NC1_D5_1_val_1_screen	36151.0	194.0	6.0	7.0	0.0	0.0	58761.0	6775.0
42651_45042_SO2_NC1_D5_2_val_2_screen	34327.0	195.0	9.0	9.0	17.0	0.0	61377.0	5960.0
42651_45042_SO3_NC1_F5_1_val_1_screen	33409.0	204.0	8.0	7.0	0.0	0.0	58415.0	8025.0
42651_45042_SO3_NC1_F5_2_val_2_screen	31325.0	181.0	9.0	14.0	11.0	0.0	61394.0	7134.0
43028_44664_PO2_NC5_K5_1_val_1_screen	33282.0	254.0	6.0	9.0	0.0	0.0	58467.0	8099.0
43028_44664_PO2_NC5_K5_2_val_2_screen	31672.0	199.0	13.0	19.0	16.0	0.0	60840.0	7358.0
43028_44664_SO1_NC1_H5_1_val_1_screen	34095.0	299.0	7.0	14.0	1.0	0.0	57888.0	7961.0
43028_44664_SO1_NC1_H5_2_val_2_screen	32344.0	279.0	13.0	8.0	7.0	0.0	60766.0	6848.0
43028_44664_SO2_NC1_I5_1_val_1_screen	34867.0	245.0	9.0	8.0	0.0	0.0	58569.0	6696.0
43028_44664_SO2_NC1_I5_2_val_2_screen	32830.0	216.0	17.0	13.0	10.0	0.0	61054.0	6254.0
43028_44664_SO3_NC1_J5_1_val_1_screen	35535.0	245.0	9.0	6.0	0.0	0.0	56853.0	7145.0
43028_44664_SO3_NC1_J5_2_val_2_screen	33510.0	219.0	18.0	11.0	16.0	0.0	59623.0	6396.0
43051_44931_SO1_NC1_L5_1_val_1_screen	34696.0	246.0	8.0	6.0	0.0	0.0	58118.0	6973.0
43051_44931_SO1_NC1_L5_2_val_2_screen	32825.0	200.0	9.0	15.0	9.0	0.0	60757.0	6232.0
43051_45068_EO1_NC8_M5_1_val_1_screen	38694.0	243.0	21.0	19.0	0.0	0.0	55576.0	6800.0
43051_45068_EO1_NC8_M5_2_val_2_screen	36239.0	239.0	22.0	31.0	24.0	0.0	58170.0	6628.0
43051_45068_EO2_NC8_N5_1_val_1_screen	96.0	106.0	14.0	13.0	0.0	0.0	483.0	2854.0
43051_45068_EO2_NC8_N5_2_val_2_screen	101.0	74.0	11.0	17.0	4.0	0.0	726.0	2633.0
43051_45068_EO3_NC8_O5_1_val_1_screen	35588.0	231.0	13.0	5.0	0.0	0.0	56925.0	6693.0
43051_45068_EO3_NC8_O5_2_val_2_screen	33172.0	204.0	24.0	11.0	17.0	0.0	60080.0	5947.0
44218_44676_PO1_NC4_M6_1_val_1_screen	42277.0	213.0	13.0	9.0	86.0	0.0	51600.0	6451.0
44218_44676_PO1_NC4_M6_2_val_2_screen	39610.0	211.0	14.0	17.0	100.0	0.0	54568.0	6129.0
44218_44676_SO1_NC1_J6_1_val_1_screen	33436.0	257.0	5.0	12.0	0.0	0.0	59409.0	6580.0
44218_44676_SO1_NC1_J6_2_val_2_screen	31164.0	225.0	16.0	17.0	7.0	0.0	61880.0	6390.0
44218_44676_SO2_NC1_K6_1_val_1_screen	37388.0	269.0	4.0	9.0	0.0	0.0	56565.0	6421.0
44218_44676_SO2_NC1_K6_2_val_2_screen	35012.0	270.0	7.0	9.0	11.0	0.0	59419.0	5928.0
44218_44676_SO3_NC1_L6_1_val_1_screen	33471.0	267.0	5.0	19.0	0.0	0.0	57964.0	9718.0
44218_44676_SO3_NC1_L6_2_val_2_screen	31109.0	220.0	26.0	14.0	21.0	0.0	60833.0	9221.0
44564_44991_PO1_NC3_H6_1_val_1_screen	34601.0	229.0	6.0	10.0	0.0	0.0	57646.0	7272.0
44564_44991_PO1_NC3_H6_2_val_2_screen	32219.0	212.0	15.0	13.0	8.0	0.0	60923.0	6374.0
44564_44991_SO1_NC1_E6_1_val_1_screen	36284.0	177.0	4.0	5.0	0.0	0.0	54451.0	6279.0
44564_44991_SO1_NC1_E6_2_val_2_screen	33678.0	184.0	13.0	6.0	10.0	0.0	57546.0	5763.0
44564_44991_SO2_NC1_F6_1_val_1_screen	37519.0	203.0	6.0	3.0	3.0	0.0	56580.0	6298.0
44564_44991_SO2_NC1_F6_2_val_2_screen	35292.0	197.0	13.0	10.0	12.0	0.0	59545.0	5543.0
44564_44991_SO3_NC1_G6_1_val_1_screen	35600.0	212.0	8.0	12.0	0.0	0.0	45970.0	6518.0
44564_44991_SO3_NC1_G6_2_val_2_screen	33353.0	177.0	18.0	12.0	17.0	0.0	48641.0	6102.0
44994_45005_PO1_NC3_B6_1_val_1_screen	34785.0	242.0	6.0	4.0	0.0	0.0	58583.0	7437.0
44994_45005_PO1_NC3_B6_2_val_2_screen	32955.0	193.0	13.0	7.0	4.0	0.0	61590.0	6295.0
44994_45005_PO2_NC3_C5_1_val_1_screen	31737.0	224.0	11.0	12.0	0.0	0.0	59738.0	7576.0
44994_45005_PO2_NC3_C5_2_val_2_screen	30172.0	194.0	15.0	22.0	13.0	0.0	61872.0	7010.0
44994_45005_SO1_NC1_P5_1_val_1_screen	37386.0	287.0	23.0	23.0	0.0	0.0	55705.0	7454.0
44994_45005_SO1_NC1_P5_2_val_2_screen	35340.0	279.0	29.0	20.0	18.0	0.0	58252.0	6940.0
44994_45005_SO2_NC1_A6_1_val_1_screen	35584.0	238.0	5.0	9.0	0.0	0.0	58516.0	6970.0
44994_45005_SO2_NC1_A6_2_val_2_screen	33496.0	238.0	12.0	9.0	15.0	0.0	61007.0	6545.0
44994_45005_SO3_NC1_D6_1_val_1_screen	39538.0	213.0	5.0	8.0	1.0	0.0	55761.0	6651.0
44994_45005_SO3_NC1_D6_2_val_2_screen	36850.0	204.0	5.0	8.0	10.0	0.0	59246.0	5854.0
45208_44650_PO1_NC5_A7_1_val_1_screen	34673.0	245.0	8.0	7.0	0.0	0.0	60098.0	6530.0
45208_44650_PO1_NC5_A7_2_val_2_screen	32813.0	190.0	15.0	23.0	13.0	0.0	62373.0	6134.0
45208_44650_PO2_NC3_B7_1_val_1_screen	32492.0	209.0	13.0	14.0	0.0	0.0	58705.0	7285.0
45208_44650_PO2_NC3_B7_2_val_2_screen	30676.0	163.0	15.0	11.0	12.0	0.0	60566.0	7275.0
45208_44650_PO3_NC5_C8_1_val_1_screen	34460.0	244.0	11.0	8.0	0.0	0.0	58036.0	6960.0
45208_44650_PO3_NC5_C8_2_val_2_screen	32198.0	207.0	16.0	7.0	13.0	0.0	60877.0	6401.0
45208_44650_SO1_NC1_N6_1_val_1_screen	35318.0	251.0	9.0	10.0	0.0	0.0	57571.0	7044.0
45208_44650_SO1_NC1_N6_2_val_2_screen	33228.0	227.0	13.0	16.0	16.0	0.0	59990.0	6713.0
45208_44650_SO2_NC1_O6_1_val_1_screen	34565.0	249.0	8.0	18.0	0.0	0.0	57714.0	6998.0
45208_44650_SO2_NC1_O6_2_val_2_screen	32356.0	224.0	10.0	9.0	6.0	0.0	60855.0	6092.0
45208_44650_SO3_NC1_P6_1_val_1_screen	34668.0	291.0	15.0	13.0	0.0	0.0	59166.0	6923.0
45208_44650_SO3_NC1_P6_2_val_2_screen	32509.0	271.0	12.0	21.0	18.0	0.0	62242.0	6003.0
45208_45054_BL1_NC16_I7_1_val_1_screen	37314.0	217.0	35.0	9.0	62.0	0.0	53647.0	6513.0
45208_45054_BL1_NC16_I7_2_val_2_screen	34966.0	216.0	35.0	19.0	82.0	0.0	56044.0	6435.0
45208_45054_BL2_NC16_J7_1_val_1_screen	32048.0	259.0	6.0	10.0	0.0	0.0	58937.0	8729.0
45208_45054_BL2_NC16_J7_2_val_2_screen	30596.0	244.0	13.0	11.0	22.0	0.0	61694.0	7409.0
45208_45054_BL3_NC16_K7_1_val_1_screen	34457.0	234.0	13.0	15.0	0.0	0.0	58215.0	6930.0
45208_45054_BL3_NC16_K7_2_val_2_screen	31923.0	239.0	24.0	13.0	11.0	0.0	61203.0	6451.0
45208_45054_BL4_NC16_L7_1_val_1_screen	32336.0	287.0	6.0	10.0	0.0	0.0	59270.0	8013.0
45208_45054_BL4_NC16_L7_2_val_2_screen	30301.0	247.0	16.0	13.0	12.0	0.0	62009.0	7324.0
45208_45054_BL5_NC16_M7_1_val_1_screen	33092.0	252.0	10.0	7.0	4.0	0.0	59252.0	7390.0
45208_45054_BL5_NC16_M7_2_val_2_screen	31333.0	225.0	19.0	19.0	21.0	0.0	61180.0	7210.0
45208_45054_BL6_NC16_N7_1_val_1_screen	35191.0	265.0	10.0	12.0	0.0	0.0	57123.0	7616.0
45208_45054_BL6_NC16_N7_2_val_2_screen	33156.0	222.0	24.0	11.0	11.0	0.0	60129.0	6664.0
45208_45054_EO1_NC8_D7_1_val_1_screen	36152.0	226.0	6.0	9.0	0.0	0.0	56843.0	6631.0
45208_45054_EO1_NC8_D7_2_val_2_screen	33555.0	203.0	11.0	11.0	13.0	0.0	60202.0	5872.0
45208_45054_EO2_NC8_E7_1_val_1_screen	39098.0	194.0	53.0	16.0	1.0	0.0	49692.0	6651.0
45208_45054_EO2_NC8_E7_2_val_2_screen	36239.0	182.0	61.0	10.0	16.0	0.0	52967.0	6230.0
45208_45054_EO3_NC8_F7_1_val_1_screen	35722.0	194.0	8.0	3.0	0.0	0.0	58768.0	6985.0
45208_45054_EO3_NC8_F7_2_val_2_screen	33899.0	189.0	14.0	10.0	7.0	0.0	61705.0	5856.0
45208_45054_EO4_NC8_G7_1_val_1_screen	30863.0	240.0	14.0	8.0	0.0	0.0	59909.0	8576.0
45208_45054_EO4_NC8_G7_2_val_2_screen	30264.0	226.0	15.0	8.0	16.0	0.0	61561.0	7520.0
45208_45054_EO5_NC8_H7_1_val_1_screen	34545.0	247.0	13.0	8.0	1.0	0.0	57503.0	6937.0
45208_45054_EO5_NC8_H7_2_val_2_screen	32462.0	224.0	14.0	14.0	20.0	0.0	60069.0	6451.0
45669_44700_PO1_NC5_O8_1_val_1_screen	33610.0	235.0	14.0	17.0	0.0	0.0	59521.0	6717.0
45669_44700_PO1_NC5_O8_2_val_2_screen	31178.0	242.0	15.0	20.0	13.0	0.0	61779.0	6867.0
45669_44700_PO2_NC5_P8_1_val_1_screen	34024.0	261.0	8.0	13.0	0.0	0.0	58942.0	7040.0
45669_44700_PO2_NC5_P8_2_val_2_screen	32408.0	215.0	18.0	19.0	13.0	0.0	60786.0	6829.0
45669_44700_PO3_NC4_A9_1_val_1_screen	33392.0	225.0	12.0	13.0	0.0	0.0	58632.0	7600.0
45669_44700_PO3_NC4_A9_2_val_2_screen	31588.0	205.0	6.0	18.0	9.0	0.0	61177.0	6871.0
45669_44700_SO1_NC1_L8_1_val_1_screen	37884.0	214.0	6.0	8.0	0.0	0.0	55104.0	7145.0
45669_44700_SO1_NC1_L8_2_val_2_screen	35710.0	208.0	12.0	14.0	22.0	0.0	57601.0	6794.0
45669_44700_SO2_NC1_M8_1_val_1_screen	34742.0	290.0	12.0	8.0	0.0	0.0	57365.0	6881.0
45669_44700_SO2_NC1_M8_2_val_2_screen	32555.0	245.0	20.0	21.0	10.0	0.0	59934.0	6513.0
45669_44700_SO3_NC1_N8_1_val_1_screen	35174.0	312.0	15.0	19.0	0.0	0.0	58543.0	7014.0
45669_44700_SO3_NC1_N8_2_val_2_screen	33127.0	244.0	25.0	14.0	24.0	0.0	60427.0	7216.0
45669_44964_PO1_NC4_B8_1_val_1_screen	35340.0	235.0	11.0	10.0	0.0	0.0	56957.0	6752.0
45669_44964_PO1_NC4_B8_2_val_2_screen	33058.0	208.0	15.0	16.0	19.0	0.0	59733.0	6256.0
45669_44964_PO2_NC4_C7_1_val_1_screen	37068.0	187.0	16.0	12.0	0.0	0.0	55545.0	8115.0
45669_44964_PO2_NC4_C7_2_val_2_screen	34851.0	186.0	13.0	32.0	12.0	0.0	58622.0	7227.0
45669_44964_PO3_NC3_D8_1_val_1_screen	35805.0	191.0	3.0	9.0	0.0	0.0	58358.0	6215.0
45669_44964_PO3_NC3_D8_2_val_2_screen	33418.0	191.0	20.0	12.0	19.0	0.0	61420.0	5501.0
45669_44964_PO4_NC3_E8_1_val_1_screen	36463.0	209.0	5.0	2.0	0.0	0.0	57515.0	6569.0
45669_44964_PO4_NC3_E8_2_val_2_screen	34331.0	185.0	14.0	16.0	13.0	0.0	60491.0	5713.0
45669_44964_SO1_NC1_O7_1_val_1_screen	32579.0	503.0	13.0	14.0	0.0	0.0	58934.0	7764.0
45669_44964_SO1_NC1_O7_2_val_2_screen	30569.0	467.0	12.0	18.0	9.0	0.0	61636.0	7096.0
45669_44964_SO2_NC1_P7_1_val_1_screen	35964.0	266.0	10.0	15.0	0.0	0.0	54238.0	6550.0
45669_44964_SO2_NC1_P7_2_val_2_screen	33811.0	244.0	16.0	27.0	22.0	0.0	56422.0	6501.0
45669_44964_SO3_NC1_A8_1_val_1_screen	33187.0	247.0	10.0	8.0	1.0	0.0	59859.0	7380.0
45669_44964_SO3_NC1_A8_2_val_2_screen	31485.0	189.0	9.0	14.0	15.0	0.0	62194.0	6786.0
45982_44908_PO1_NC3_J8_1_val_1_screen	34727.0	269.0	11.0	14.0	0.0	0.0	57186.0	6886.0
45982_44908_PO1_NC3_J8_2_val_2_screen	32620.0	246.0	23.0	13.0	15.0	0.0	59676.0	6500.0
45982_44908_PO2_NC4_K8_1_val_1_screen	41567.0	216.0	9.0	10.0	0.0	0.0	52926.0	6175.0
45982_44908_PO2_NC4_K8_2_val_2_screen	38244.0	215.0	11.0	27.0	16.0	0.0	56296.0	6094.0
45982_44908_SO1_NC1_G8_1_val_1_screen	36049.0	219.0	15.0	8.0	0.0	0.0	56553.0	7332.0
45982_44908_SO1_NC1_G8_2_val_2_screen	34248.0	226.0	12.0	16.0	17.0	0.0	58775.0	6882.0
45982_44908_SO2_NC1_H8_1_val_1_screen	35967.0	247.0	6.0	3.0	0.0	0.0	56941.0	6775.0
45982_44908_SO2_NC1_H8_2_val_2_screen	33740.0	254.0	15.0	16.0	19.0	0.0	59359.0	6536.0
45982_44908_SO3_NC1_I8_1_val_1_screen	38084.0	254.0	12.0	17.0	0.0	0.0	56335.0	6833.0
45982_44908_SO3_NC1_I8_2_val_2_screen	35724.0	245.0	12.0	25.0	24.0	0.0	58520.0	6985.0
45982_45001_PO1_NC3_E9_1_val_1_screen	39392.0	237.0	12.0	16.0	0.0	0.0	54000.0	7912.0
45982_45001_PO1_NC3_E9_2_val_2_screen	36215.0	199.0	16.0	21.0	19.0	0.0	57756.0	7343.0
45982_45001_PO2_NC4_F8_1_val_1_screen	38131.0	210.0	8.0	9.0	5.0	0.0	55746.0	6596.0
45982_45001_PO2_NC4_F8_2_val_2_screen	35741.0	194.0	13.0	19.0	17.0	0.0	58760.0	5961.0
45982_45001_SO1_NC1_B9_1_val_1_screen	31320.0	229.0	7.0	7.0	0.0	0.0	59856.0	8405.0
45982_45001_SO1_NC1_B9_2_val_2_screen	30075.0	212.0	11.0	16.0	12.0	0.0	62591.0	6907.0
45982_45001_SO2_NC1_C10_1_val_1_screen	36970.0	215.0	13.0	5.0	0.0	0.0	55044.0	6254.0
45982_45001_SO2_NC1_C10_2_val_2_screen	34396.0	177.0	14.0	20.0	18.0	0.0	57986.0	5890.0
45982_45001_SO3_NC1_D9_1_val_1_screen	36759.0	204.0	8.0	15.0	0.0	0.0	54713.0	6259.0
45982_45001_SO3_NC1_D9_2_val_2_screen	34335.0	166.0	11.0	16.0	22.0	0.0	58011.0	5397.0
46363_44664_PO1_NC5_L9_1_val_1_screen	35419.0	253.0	7.0	22.0	1.0	0.0	57800.0	7016.0
46363_44664_PO1_NC5_L9_2_val_2_screen	33251.0	235.0	22.0	18.0	17.0	0.0	60784.0	6191.0
46363_44664_SO1_NC1_I9_1_val_1_screen	34264.0	250.0	9.0	14.0	0.0	0.0	57730.0	7686.0
46363_44664_SO1_NC1_I9_2_val_2_screen	32113.0	221.0	18.0	21.0	10.0	0.0	60834.0	6736.0
46363_44664_SO2_NC1_J9_1_val_1_screen	34684.0	236.0	15.0	14.0	0.0	0.0	57572.0	6995.0
46363_44664_SO2_NC1_J9_2_val_2_screen	32628.0	240.0	14.0	20.0	22.0	0.0	60074.0	6518.0
46363_44664_SO3_NC1_K9_1_val_1_screen	36954.0	250.0	10.0	9.0	0.0	0.0	55581.0	6547.0
46363_44664_SO3_NC1_K9_2_val_2_screen	34457.0	216.0	25.0	18.0	22.0	0.0	58563.0	6050.0
46363_44914_PO1_NC4_H9_1_val_1_screen	35787.0	257.0	13.0	9.0	0.0	0.0	57592.0	6671.0
46363_44914_PO1_NC4_H9_2_val_2_screen	33427.0	208.0	14.0	16.0	17.0	0.0	60708.0	5939.0
46363_44914_SO1_NC1_F9_1_val_1_screen	30246.0	227.0	9.0	8.0	0.0	0.0	60385.0	9218.0
46363_44914_SO1_NC1_F9_2_val_2_screen	29285.0	200.0	14.0	8.0	15.0	0.0	63075.0	7496.0
46363_44914_SO2_NC1_G9_1_val_1_screen	34679.0	264.0	14.0	16.0	0.0	0.0	58284.0	6943.0
46363_44914_SO2_NC1_G9_2_val_2_screen	32412.0	227.0	15.0	20.0	24.0	0.0	61290.0	6212.0
46363_44914_SO3_NC1_I6_1_val_1_screen	41761.0	177.0	9.0	9.0	2.0	0.0	51994.0	6188.0
46363_44914_SO3_NC1_I6_2_val_2_screen	39226.0	152.0	7.0	9.0	22.0	0.0	54926.0	5798.0
46606_44938_PO1_NC4_P9_1_val_1_screen	39724.0	309.0	13.0	7.0	19.0	0.0	53174.0	5920.0
46606_44938_PO1_NC4_P9_2_val_2_screen	36835.0	253.0	14.0	18.0	35.0	0.0	56071.0	5940.0
46606_44938_PO2_NC3_A10_1_val_1_screen	38032.0	174.0	7.0	6.0	1.0	0.0	54989.0	6065.0
46606_44938_PO2_NC3_A10_2_val_2_screen	35427.0	157.0	12.0	12.0	24.0	0.0	58321.0	5321.0
46606_44938_PO3_NC5_B10_1_val_1_screen	33633.0	196.0	7.0	6.0	0.0	0.0	59942.0	6348.0
46606_44938_PO3_NC5_B10_2_val_2_screen	31387.0	195.0	7.0	17.0	21.0	0.0	63459.0	5046.0
46606_44938_SO1_NC1_M9_1_val_1_screen	32121.0	203.0	6.0	11.0	0.0	0.0	58669.0	8978.0
46606_44938_SO1_NC1_M9_2_val_2_screen	30932.0	197.0	16.0	19.0	11.0	0.0	61074.0	7739.0
46606_44938_SO2_NC1_N9_1_val_1_screen	37170.0	285.0	12.0	15.0	0.0	0.0	56379.0	6535.0
46606_44938_SO2_NC1_N9_2_val_2_screen	34901.0	261.0	27.0	25.0	20.0	0.0	58918.0	6244.0
46606_44938_SO3_NC1_O9_1_val_1_screen	38129.0	300.0	13.0	10.0	0.0	0.0	55159.0	6539.0
46606_44938_SO3_NC1_O9_2_val_2_screen	35370.0	303.0	18.0	16.0	14.0	0.0	58621.0	5808.0
46606_44993_PO1_NC5_C9_1_val_1_screen	32728.0	197.0	142.0	72.0	0.0	0.0	42044.0	15518.0
46606_44993_PO1_NC5_C9_2_val_2_screen	31205.0	210.0	180.0	282.0	32.0	0.0	46176.0	12616.0
46606_44993_PO2_NC5_D10_1_val_1_screen	36511.0	257.0	7.0	9.0	0.0	0.0	56876.0	6212.0
46606_44993_PO2_NC5_D10_2_val_2_screen	34134.0	233.0	14.0	5.0	18.0	0.0	59916.0	5552.0
46606_44993_PO3_NC5_E10_1_val_1_screen	36236.0	212.0	13.0	9.0	1.0	0.0	56856.0	6509.0
46606_44993_PO3_NC5_E10_2_val_2_screen	34097.0	206.0	14.0	12.0	19.0	0.0	59858.0	5630.0
46606_44993_PO4_NC5_F10_1_val_1_screen	36770.0	256.0	9.0	11.0	0.0	0.0	56998.0	6151.0
46606_44993_PO4_NC5_F10_2_val_2_screen	34233.0	211.0	11.0	15.0	16.0	0.0	59948.0	5761.0
