Sample	Original top strand	Complementary to original top strand	Complementary to original bottom strand	Original bottom strand
38897_44643_SO1_NC1_A1_1_val_1_screen	156.0	25323.0	25150.0	157.0
38897_44643_SO1_NC1_A1_2_val_2_screen	25781.0	318.0	290.0	25790.0
38897_44643_SO2_NC1_B1_1_val_1_screen	277.0	26754.0	26812.0	245.0
38897_44643_SO2_NC1_B1_2_val_2_screen	27340.0	342.0	367.0	27560.0
38897_44643_SO3_NC1_C2_1_val_1_screen	204.0	26856.0	26756.0	190.0
38897_44643_SO3_NC1_C2_2_val_2_screen	27474.0	315.0	333.0	27585.0
38897_44700_PO1_NC5_D1_1_val_1_screen	396.0	24781.0	24740.0	374.0
38897_44700_PO1_NC5_D1_2_val_2_screen	25642.0	591.0	623.0	25657.0
38897_44700_SO1_NC1_E1_1_val_1_screen	174.0	25292.0	25098.0	206.0
38897_44700_SO1_NC1_E1_2_val_2_screen	25990.0	367.0	312.0	26097.0
38897_44700_SO2_NC1_F1_1_val_1_screen	352.0	25615.0	25298.0	346.0
38897_44700_SO2_NC1_F1_2_val_2_screen	26518.0	554.0	561.0	26144.0
38897_44700_SO3_NC1_G1_1_val_1_screen	255.0	25719.0	25537.0	227.0
38897_44700_SO3_NC1_G1_2_val_2_screen	26118.0	508.0	481.0	26070.0
38897_44700_SO4_NC1_H1_1_val_1_screen	346.0	24937.0	24908.0	352.0
38897_44700_SO4_NC1_H1_2_val_2_screen	25438.0	716.0	711.0	25232.0
39053_45005_PO1_NC2_I1_1_val_1_screen	591.0	22989.0	22967.0	538.0
39053_45005_PO1_NC2_I1_2_val_2_screen	23910.0	807.0	745.0	23585.0
39053_45005_SO1_NC1_J1_1_val_1_screen	1314.0	17420.0	17039.0	1265.0
39053_45005_SO1_NC1_J1_2_val_2_screen	18079.0	1696.0	1599.0	17600.0
39053_45005_SO2_NC1_K1_1_val_1_screen	619.0	21448.0	21112.0	547.0
39053_45005_SO2_NC1_K1_2_val_2_screen	22162.0	805.0	738.0	22111.0
41237_44641_PO1_NC4_N2_1_val_1_screen	145.0	26563.0	26439.0	166.0
41237_44641_PO1_NC4_N2_2_val_2_screen	27197.0	266.0	296.0	27161.0
41237_44641_SO1_NC1_K2_1_val_1_screen	104.0	26547.0	26483.0	104.0
41237_44641_SO1_NC1_K2_2_val_2_screen	27363.0	196.0	221.0	27454.0
41237_44641_SO2_NC1_L2_1_val_1_screen	246.0	26170.0	26451.0	256.0
41237_44641_SO2_NC1_L2_2_val_2_screen	26887.0	353.0	348.0	27138.0
41237_44641_SO3_NC1_M2_1_val_1_screen	181.0	25330.0	25596.0	185.0
41237_44641_SO3_NC1_M2_2_val_2_screen	26301.0	322.0	314.0	26314.0
41299_44636_SOe_NC1_L1_1_val_1_screen	331.0	25831.0	25548.0	387.0
41299_44636_SOe_NC1_L1_2_val_2_screen	26332.0	555.0	536.0	26080.0
41299_44963_PO1_NC3_N1_1_val_1_screen	313.0	19904.0	19613.0	334.0
41299_44963_PO1_NC3_N1_2_val_2_screen	20828.0	534.0	545.0	20469.0
41299_44963_PO2_NC4_M1_1_val_1_screen	442.0	24091.0	23917.0	451.0
41299_44963_PO2_NC4_M1_2_val_2_screen	24468.0	637.0	611.0	24255.0
41299_44963_PO3_NC3_O1_1_val_1_screen	950.0	18183.0	18135.0	976.0
41299_44963_PO3_NC3_O1_2_val_2_screen	18807.0	1278.0	1320.0	18969.0
41299_44963_SO1_NC1_P1_1_val_1_screen	99.0	26814.0	26945.0	110.0
41299_44963_SO1_NC1_P1_2_val_2_screen	27955.0	220.0	211.0	27685.0
41299_44963_SO2_NC1_A2_1_val_1_screen	492.0	24678.0	24597.0	446.0
41299_44963_SO2_NC1_A2_2_val_2_screen	25075.0	636.0	661.0	25215.0
41299_44963_SO3_NC1_B2_1_val_1_screen	700.0	21948.0	21953.0	707.0
41299_44963_SO3_NC1_B2_2_val_2_screen	22754.0	984.0	919.0	22824.0
41299_45019_EO1_NC8_C1_1_val_1_screen	282.0	25041.0	24694.0	307.0
41299_45019_EO1_NC8_C1_2_val_2_screen	26461.0	438.0	429.0	26676.0
41299_45019_EO2_NC8_D2_1_val_1_screen	199.0	27662.0	27501.0	201.0
41299_45019_EO2_NC8_D2_2_val_2_screen	28725.0	292.0	309.0	28466.0
41299_45019_EO3_NC8_E2_1_val_1_screen	152.0	27905.0	28109.0	176.0
41299_45019_EO3_NC8_E2_2_val_2_screen	28407.0	236.0	269.0	28857.0
41299_45019_EO4_NC8_F2_1_val_1_screen	232.0	26783.0	26526.0	227.0
41299_45019_EO4_NC8_F2_2_val_2_screen	27597.0	349.0	374.0	27165.0
41299_45019_EO5_NC8_G2_1_val_1_screen	190.0	26727.0	26697.0	177.0
41299_45019_EO5_NC8_G2_2_val_2_screen	27360.0	314.0	348.0	27409.0
41299_45019_EO6_NC8_H2_1_val_1_screen	311.0	25320.0	25197.0	297.0
41299_45019_EO6_NC8_H2_2_val_2_screen	26072.0	470.0	459.0	25939.0
41299_45019_EO7_NC8_I2_1_val_1_screen	133.0	28987.0	29120.0	129.0
41299_45019_EO7_NC8_I2_2_val_2_screen	30311.0	243.0	255.0	30374.0
41299_45019_EO8_NC8_J2_1_val_1_screen	205.0	26260.0	25820.0	211.0
41299_45019_EO8_NC8_J2_2_val_2_screen	27199.0	331.0	308.0	26682.0
41391_44650_PO1_NC4_F3_1_val_1_screen	277.0	25975.0	26020.0	253.0
41391_44650_PO1_NC4_F3_2_val_2_screen	26726.0	423.0	429.0	26827.0
41391_44650_PO2_NC4_G3_1_val_1_screen	280.0	25687.0	25893.0	243.0
41391_44650_PO2_NC4_G3_2_val_2_screen	26446.0	415.0	417.0	26469.0
41391_44650_PO3_NC3_E3_1_val_1_screen	255.0	26046.0	25907.0	234.0
41391_44650_PO3_NC3_E3_2_val_2_screen	26805.0	473.0	423.0	26856.0
41391_44650_SO1_NC1_B3_1_val_1_screen	326.0	25808.0	25904.0	337.0
41391_44650_SO1_NC1_B3_2_val_2_screen	26412.0	507.0	456.0	26487.0
41391_44650_SO2_NC1_C4_1_val_1_screen	213.0	26338.0	26152.0	231.0
41391_44650_SO2_NC1_C4_2_val_2_screen	27016.0	419.0	393.0	26859.0
41391_44650_SO3_NC1_D3_1_val_1_screen	227.0	26424.0	26303.0	234.0
41391_44650_SO3_NC1_D3_2_val_2_screen	27202.0	425.0	452.0	26888.0
41391_44923_PO1_NC3_H3_1_val_1_screen	146.0	26598.0	26706.0	176.0
41391_44923_PO1_NC3_H3_2_val_2_screen	27289.0	353.0	314.0	27473.0
41391_44923_PO2_NC3_I3_1_val_1_screen	243.0	25547.0	25801.0	272.0
41391_44923_PO2_NC3_I3_2_val_2_screen	26117.0	439.0	461.0	26465.0
41391_44923_PO3_NC5_J3_1_val_1_screen	956.0	21368.0	21484.0	864.0
41391_44923_PO3_NC5_J3_2_val_2_screen	22045.0	1296.0	1131.0	22284.0
41391_44923_PO4_NC4_K3_1_val_1_screen	575.0	23035.0	22771.0	504.0
41391_44923_PO4_NC4_K3_2_val_2_screen	23639.0	870.0	827.0	23425.0
41391_44923_SO1_NC1_O2_1_val_1_screen	438.0	20878.0	20978.0	430.0
41391_44923_SO1_NC1_O2_2_val_2_screen	21747.0	698.0	661.0	21647.0
41391_44923_SO2_NC1_P2_1_val_1_screen	685.0	21163.0	20825.0	618.0
41391_44923_SO2_NC1_P2_2_val_2_screen	22282.0	925.0	892.0	21917.0
41391_44923_SO3_NC1_A3_1_val_1_screen	189.0	18732.0	18895.0	180.0
41391_44923_SO3_NC1_A3_2_val_2_screen	19099.0	323.0	304.0	19137.0
41460_44643_PO1_NC5_O3_1_val_1_screen	240.0	25468.0	25623.0	222.0
41460_44643_PO1_NC5_O3_2_val_2_screen	26169.0	435.0	393.0	26261.0
41460_44643_PO2_NC5_P3_1_val_1_screen	340.0	24963.0	25099.0	342.0
41460_44643_PO2_NC5_P3_2_val_2_screen	25336.0	546.0	542.0	25210.0
41460_44643_PO3_NC5_A4_1_val_1_screen	312.0	26067.0	26087.0	295.0
41460_44643_PO3_NC5_A4_2_val_2_screen	26520.0	478.0	477.0	26420.0
41460_44643_SO1_NC1_L3_1_val_1_screen	496.0	25313.0	25235.0	516.0
41460_44643_SO1_NC1_L3_2_val_2_screen	25311.0	704.0	782.0	25538.0
41460_44643_SO2_NC1_M3_1_val_1_screen	284.0	25696.0	25658.0	305.0
41460_44643_SO2_NC1_M3_2_val_2_screen	26092.0	482.0	460.0	25891.0
41460_44643_SO3_NC1_N3_1_val_1_screen	225.0	26247.0	26438.0	227.0
41460_44643_SO3_NC1_N3_2_val_2_screen	26855.0	378.0	378.0	26882.0
41460_45001_PO1_NC5_E4_1_val_1_screen	387.0	25512.0	24961.0	386.0
41460_45001_PO1_NC5_E4_2_val_2_screen	26397.0	649.0	598.0	25927.0
41460_45001_PO2_NC3_F4_1_val_1_screen	737.0	23773.0	24165.0	741.0
41460_45001_PO2_NC3_F4_2_val_2_screen	24652.0	939.0	947.0	24804.0
41460_45001_PO3_NC4_G4_1_val_1_screen	372.0	26872.0	26533.0	407.0
41460_45001_PO3_NC4_G4_2_val_2_screen	27058.0	617.0	573.0	26705.0
41460_45001_SO1_NC1_B4_1_val_1_screen	235.0	25846.0	26334.0	235.0
41460_45001_SO1_NC1_B4_2_val_2_screen	26420.0	447.0	423.0	27074.0
41460_45001_SO2_NC1_C3_1_val_1_screen	245.0	25243.0	25030.0	226.0
41460_45001_SO2_NC1_C3_2_val_2_screen	26048.0	442.0	406.0	25865.0
41460_45001_SO3_NC1_D4_1_val_1_screen	309.0	26685.0	26736.0	271.0
41460_45001_SO3_NC1_D4_2_val_2_screen	27503.0	493.0	484.0	27557.0
42111_44957_PO1_NC3_K4_1_val_1_screen	670.0	22520.0	22784.0	661.0
42111_44957_PO1_NC3_K4_2_val_2_screen	23048.0	899.0	924.0	22941.0
42111_44957_PO2_NC3_L4_1_val_1_screen	482.0	24603.0	24707.0	477.0
42111_44957_PO2_NC3_L4_2_val_2_screen	25193.0	695.0	695.0	25424.0
42111_44957_SO1_NC1_H4_1_val_1_screen	591.0	23465.0	23576.0	577.0
42111_44957_SO1_NC1_H4_2_val_2_screen	23774.0	812.0	804.0	23755.0
42111_44957_SO2_NC1_B5_1_val_1_screen	259.0	26836.0	26872.0	277.0
42111_44957_SO2_NC1_B5_2_val_2_screen	27338.0	396.0	437.0	27638.0
42111_44957_SO3_NC1_J4_1_val_1_screen	359.0	25775.0	25867.0	354.0
42111_44957_SO3_NC1_J4_2_val_2_screen	26459.0	569.0	542.0	26166.0
42111_45019_EOo_NC8_M4_1_val_1_screen	273.0	26059.0	25937.0	307.0
42111_45019_EOo_NC8_M4_2_val_2_screen	26171.0	527.0	542.0	26141.0
42473_44998_PO1_NC2_I4_1_val_1_screen	1624.0	16011.0	16170.0	1593.0
42473_44998_PO1_NC2_I4_2_val_2_screen	16764.0	2091.0	2067.0	17051.0
42473_44998_SO1_NC1_P4_1_val_1_screen	1193.0	39143.0	38477.0	1166.0
42473_44998_SO1_NC1_P4_2_val_2_screen	40128.0	1697.0	1676.0	39742.0
42473_44998_SO2_NC1_A5_1_val_1_screen	447.0	23745.0	23596.0	438.0
42473_44998_SO2_NC1_A5_2_val_2_screen	24366.0	664.0	684.0	24356.0
42473_45061_EO1_NC8_O4_1_val_1_screen	603.0	20614.0	20457.0	599.0
42473_45061_EO1_NC8_O4_2_val_2_screen	21355.0	804.0	819.0	20839.0
42651_45042_PO1_NC3_E5_1_val_1_screen	213.0	26033.0	26143.0	219.0
42651_45042_PO1_NC3_E5_2_val_2_screen	26825.0	460.0	448.0	26958.0
42651_45042_PO2_NC4_N4_1_val_1_screen	272.0	25439.0	25552.0	280.0
42651_45042_PO2_NC4_N4_2_val_2_screen	26081.0	463.0	475.0	26191.0
42651_45042_PO3_NC4_G5_1_val_1_screen	405.0	25719.0	25957.0	421.0
42651_45042_PO3_NC4_G5_2_val_2_screen	26025.0	603.0	576.0	26495.0
42651_45042_SO1_NC1_C6_1_val_1_screen	376.0	24320.0	23959.0	382.0
42651_45042_SO1_NC1_C6_2_val_2_screen	25086.0	639.0	608.0	24675.0
42651_45042_SO2_NC1_D5_1_val_1_screen	499.0	26006.0	25969.0	529.0
42651_45042_SO2_NC1_D5_2_val_2_screen	26782.0	745.0	679.0	26658.0
42651_45042_SO3_NC1_F5_1_val_1_screen	180.0	26679.0	26594.0	153.0
42651_45042_SO3_NC1_F5_2_val_2_screen	27278.0	328.0	352.0	27594.0
43028_44664_PO2_NC5_K5_1_val_1_screen	144.0	26498.0	26620.0	174.0
43028_44664_PO2_NC5_K5_2_val_2_screen	27097.0	279.0	285.0	27133.0
43028_44664_SO1_NC1_H5_1_val_1_screen	246.0	26111.0	26237.0	242.0
43028_44664_SO1_NC1_H5_2_val_2_screen	26945.0	445.0	414.0	26912.0
43028_44664_SO2_NC1_I5_1_val_1_screen	264.0	26299.0	26494.0	293.0
43028_44664_SO2_NC1_I5_2_val_2_screen	26992.0	439.0	422.0	27133.0
43028_44664_SO3_NC1_J5_1_val_1_screen	188.0	25959.0	25564.0	190.0
43028_44664_SO3_NC1_J5_2_val_2_screen	26749.0	348.0	311.0	26338.0
43051_44931_SO1_NC1_L5_1_val_1_screen	217.0	26306.0	26354.0	205.0
43051_44931_SO1_NC1_L5_2_val_2_screen	26974.0	369.0	361.0	27057.0
43051_45068_EO1_NC8_M5_1_val_1_screen	466.0	24365.0	24516.0	450.0
43051_45068_EO1_NC8_M5_2_val_2_screen	25001.0	672.0	682.0	25047.0
43051_45068_EO2_NC8_N5_1_val_1_screen	37.0	136.0	159.0	78.0
43051_45068_EO2_NC8_N5_2_val_2_screen	188.0	45.0	32.0	190.0
43051_45068_EO3_NC8_O5_1_val_1_screen	219.0	26067.0	25604.0	229.0
43051_45068_EO3_NC8_O5_2_val_2_screen	26889.0	389.0	352.0	26383.0
44218_44676_PO1_NC4_M6_1_val_1_screen	881.0	21974.0	22029.0	938.0
44218_44676_PO1_NC4_M6_2_val_2_screen	22732.0	1235.0	1189.0	22570.0
44218_44676_SO1_NC1_J6_1_val_1_screen	139.0	26923.0	27101.0	158.0
44218_44676_SO1_NC1_J6_2_val_2_screen	27753.0	227.0	286.0	27676.0
44218_44676_SO2_NC1_K6_1_val_1_screen	330.0	25413.0	25273.0	364.0
44218_44676_SO2_NC1_K6_2_val_2_screen	25979.0	570.0	563.0	26088.0
44218_44676_SO3_NC1_L6_1_val_1_screen	358.0	25917.0	25861.0	361.0
44218_44676_SO3_NC1_L6_2_val_2_screen	26363.0	570.0	637.0	26458.0
44564_44991_PO1_NC3_H6_1_val_1_screen	249.0	26223.0	26009.0	256.0
44564_44991_PO1_NC3_H6_2_val_2_screen	26935.0	407.0	395.0	27141.0
44564_44991_SO1_NC1_E6_1_val_1_screen	589.0	24206.0	24003.0	510.0
44564_44991_SO1_NC1_E6_2_val_2_screen	24830.0	806.0	770.0	24856.0
44564_44991_SO2_NC1_F6_1_val_1_screen	548.0	25121.0	24894.0	534.0
44564_44991_SO2_NC1_F6_2_val_2_screen	25742.0	709.0	704.0	25793.0
44564_44991_SO3_NC1_G6_1_val_1_screen	631.0	19816.0	19957.0	576.0
44564_44991_SO3_NC1_G6_2_val_2_screen	20534.0	877.0	824.0	20351.0
44994_45005_PO1_NC3_B6_1_val_1_screen	248.0	26470.0	26190.0	242.0
44994_45005_PO1_NC3_B6_2_val_2_screen	27460.0	416.0	434.0	26940.0
44994_45005_PO2_NC3_C5_1_val_1_screen	265.0	27136.0	26743.0	271.0
44994_45005_PO2_NC3_C5_2_val_2_screen	27212.0	382.0	384.0	27407.0
44994_45005_SO1_NC1_P5_1_val_1_screen	219.0	25166.0	24854.0	247.0
44994_45005_SO1_NC1_P5_2_val_2_screen	25595.0	393.0	410.0	25569.0
44994_45005_SO2_NC1_A6_1_val_1_screen	349.0	26320.0	26082.0	327.0
44994_45005_SO2_NC1_A6_2_val_2_screen	27081.0	545.0	521.0	26468.0
44994_45005_SO3_NC1_D6_1_val_1_screen	695.0	24756.0	24350.0	557.0
44994_45005_SO3_NC1_D6_2_val_2_screen	25643.0	885.0	881.0	25082.0
45208_44650_PO1_NC5_A7_1_val_1_screen	277.0	26922.0	27063.0	301.0
45208_44650_PO1_NC5_A7_2_val_2_screen	27498.0	451.0	487.0	27347.0
45208_44650_PO2_NC3_B7_1_val_1_screen	220.0	26489.0	26487.0	203.0
45208_44650_PO2_NC3_B7_2_val_2_screen	26805.0	322.0	336.0	26805.0
45208_44650_PO3_NC5_C8_1_val_1_screen	341.0	26254.0	25932.0	343.0
45208_44650_PO3_NC5_C8_2_val_2_screen	26915.0	515.0	454.0	26794.0
45208_44650_SO1_NC1_N6_1_val_1_screen	265.0	26213.0	25784.0	234.0
45208_44650_SO1_NC1_N6_2_val_2_screen	26721.0	364.0	384.0	26367.0
45208_44650_SO2_NC1_O6_1_val_1_screen	203.0	26229.0	26157.0	229.0
45208_44650_SO2_NC1_O6_2_val_2_screen	27089.0	394.0	399.0	27136.0
45208_44650_SO3_NC1_P6_1_val_1_screen	148.0	27098.0	26975.0	127.0
45208_44650_SO3_NC1_P6_2_val_2_screen	28011.0	312.0	296.0	27755.0
45208_45054_BL1_NC16_I7_1_val_1_screen	709.0	22928.0	23175.0	695.0
45208_45054_BL1_NC16_I7_2_val_2_screen	23427.0	937.0	956.0	23724.0
45208_45054_BL2_NC16_J7_1_val_1_screen	114.0	26755.0	26906.0	128.0
45208_45054_BL2_NC16_J7_2_val_2_screen	27728.0	268.0	264.0	27609.0
45208_45054_BL3_NC16_K7_1_val_1_screen	250.0	26176.0	26492.0	270.0
45208_45054_BL3_NC16_K7_2_val_2_screen	27301.0	421.0	420.0	27097.0
45208_45054_BL4_NC16_L7_1_val_1_screen	157.0	26919.0	26851.0	164.0
45208_45054_BL4_NC16_L7_2_val_2_screen	27795.0	317.0	334.0	27475.0
45208_45054_BL5_NC16_M7_1_val_1_screen	174.0	26588.0	26958.0	166.0
45208_45054_BL5_NC16_M7_2_val_2_screen	26858.0	320.0	327.0	27351.0
45208_45054_BL6_NC16_N7_1_val_1_screen	200.0	25729.0	25782.0	198.0
45208_45054_BL6_NC16_N7_2_val_2_screen	26615.0	363.0	351.0	26611.0
45208_45054_EO1_NC8_D7_1_val_1_screen	388.0	25352.0	25555.0	359.0
45208_45054_EO1_NC8_D7_2_val_2_screen	26198.0	581.0	535.0	26459.0
45208_45054_EO2_NC8_E7_1_val_1_screen	778.0	21274.0	21193.0	796.0
45208_45054_EO2_NC8_E7_2_val_2_screen	21936.0	1168.0	1088.0	22012.0
45208_45054_EO3_NC8_F7_1_val_1_screen	211.0	26640.0	26523.0	257.0
45208_45054_EO3_NC8_F7_2_val_2_screen	27543.0	460.0	409.0	27266.0
45208_45054_EO4_NC8_G7_1_val_1_screen	141.0	27033.0	27145.0	154.0
45208_45054_EO4_NC8_G7_2_val_2_screen	27303.0	307.0	291.0	27499.0
45208_45054_EO5_NC8_H7_1_val_1_screen	218.0	25991.0	25828.0	244.0
45208_45054_EO5_NC8_H7_2_val_2_screen	26598.0	383.0	391.0	26401.0
45669_44700_PO1_NC5_O8_1_val_1_screen	235.0	26819.0	26852.0	235.0
45669_44700_PO1_NC5_O8_2_val_2_screen	27329.0	405.0	360.0	27333.0
45669_44700_PO2_NC5_P8_1_val_1_screen	315.0	26433.0	26236.0	296.0
45669_44700_PO2_NC5_P8_2_val_2_screen	26553.0	480.0	482.0	26601.0
45669_44700_PO3_NC4_A9_1_val_1_screen	252.0	26411.0	26367.0	259.0
45669_44700_PO3_NC4_A9_2_val_2_screen	26940.0	429.0	454.0	26982.0
45669_44700_SO1_NC1_L8_1_val_1_screen	582.0	24225.0	24138.0	633.0
45669_44700_SO1_NC1_L8_2_val_2_screen	24729.0	821.0	834.0	24742.0
45669_44700_SO2_NC1_M8_1_val_1_screen	263.0	26218.0	25713.0	229.0
45669_44700_SO2_NC1_M8_2_val_2_screen	26601.0	382.0	421.0	26355.0
45669_44700_SO3_NC1_N8_1_val_1_screen	245.0	26342.0	26414.0	258.0
45669_44700_SO3_NC1_N8_2_val_2_screen	26563.0	431.0	391.0	26595.0
45669_44964_PO1_NC4_B8_1_val_1_screen	426.0	25599.0	25248.0	387.0
45669_44964_PO1_NC4_B8_2_val_2_screen	25995.0	636.0	614.0	25978.0
45669_44964_PO2_NC4_C7_1_val_1_screen	350.0	24443.0	24993.0	343.0
45669_44964_PO2_NC4_C7_2_val_2_screen	25305.0	588.0	556.0	25715.0
45669_44964_PO3_NC3_D8_1_val_1_screen	407.0	25767.0	26212.0	410.0
45669_44964_PO3_NC3_D8_2_val_2_screen	26625.0	597.0	622.0	26836.0
45669_44964_PO4_NC3_E8_1_val_1_screen	386.0	25714.0	25647.0	369.0
45669_44964_PO4_NC3_E8_2_val_2_screen	26260.0	670.0	625.0	26533.0
45669_44964_SO1_NC1_O7_1_val_1_screen	236.0	26484.0	27071.0	226.0
45669_44964_SO1_NC1_O7_2_val_2_screen	27201.0	372.0	334.0	27735.0
45669_44964_SO2_NC1_P7_1_val_1_screen	443.0	24015.0	23652.0	467.0
45669_44964_SO2_NC1_P7_2_val_2_screen	24269.0	633.0	641.0	24178.0
45669_44964_SO3_NC1_A8_1_val_1_screen	209.0	27023.0	27154.0	185.0
45669_44964_SO3_NC1_A8_2_val_2_screen	27559.0	342.0	309.0	27764.0
45982_44908_PO1_NC3_J8_1_val_1_screen	215.0	25870.0	26011.0	165.0
45982_44908_PO1_NC3_J8_2_val_2_screen	26575.0	313.0	300.0	26530.0
45982_44908_PO2_NC4_K8_1_val_1_screen	737.0	22811.0	22893.0	726.0
45982_44908_PO2_NC4_K8_2_val_2_screen	23655.0	994.0	1033.0	23680.0
45982_44908_SO1_NC1_G8_1_val_1_screen	627.0	24868.0	24583.0	666.0
45982_44908_SO1_NC1_G8_2_val_2_screen	25265.0	811.0	849.0	25120.0
45982_44908_SO2_NC1_H8_1_val_1_screen	402.0	25350.0	25358.0	444.0
45982_44908_SO2_NC1_H8_2_val_2_screen	25990.0	587.0	576.0	25908.0
45982_44908_SO3_NC1_I8_1_val_1_screen	521.0	24807.0	24732.0	567.0
45982_44908_SO3_NC1_I8_2_val_2_screen	25266.0	782.0	740.0	25057.0
45982_45001_PO1_NC3_E9_1_val_1_screen	855.0	23077.0	23243.0	912.0
45982_45001_PO1_NC3_E9_2_val_2_screen	23901.0	1201.0	1156.0	24118.0
45982_45001_PO2_NC4_F8_1_val_1_screen	456.0	25084.0	24527.0	398.0
45982_45001_PO2_NC4_F8_2_val_2_screen	25840.0	665.0	596.0	25249.0
45982_45001_SO1_NC1_B9_1_val_1_screen	179.0	27009.0	27030.0	166.0
45982_45001_SO1_NC1_B9_2_val_2_screen	27808.0	338.0	316.0	27880.0
45982_45001_SO2_NC1_C10_1_val_1_screen	611.0	24205.0	24143.0	650.0
45982_45001_SO2_NC1_C10_2_val_2_screen	24822.0	914.0	882.0	24673.0
45982_45001_SO3_NC1_D9_1_val_1_screen	446.0	24288.0	24281.0	444.0
45982_45001_SO3_NC1_D9_2_val_2_screen	25019.0	738.0	731.0	25025.0
46363_44664_PO1_NC5_L9_1_val_1_screen	210.0	26248.0	25927.0	234.0
46363_44664_PO1_NC5_L9_2_val_2_screen	26892.0	439.0	417.0	26637.0
46363_44664_SO1_NC1_I9_1_val_1_screen	200.0	26182.0	26072.0	191.0
46363_44664_SO1_NC1_I9_2_val_2_screen	26946.0	348.0	387.0	27082.0
46363_44664_SO2_NC1_J9_1_val_1_screen	207.0	25762.0	25965.0	184.0
46363_44664_SO2_NC1_J9_2_val_2_screen	26350.0	384.0	366.0	26569.0
46363_44664_SO3_NC1_K9_1_val_1_screen	422.0	24511.0	24586.0	457.0
46363_44664_SO3_NC1_K9_2_val_2_screen	25206.0	662.0	704.0	25235.0
46363_44914_PO1_NC4_H9_1_val_1_screen	346.0	25547.0	25986.0	321.0
46363_44914_PO1_NC4_H9_2_val_2_screen	26321.0	550.0	545.0	26818.0
46363_44914_SO1_NC1_F9_1_val_1_screen	192.0	26997.0	27249.0	195.0
46363_44914_SO1_NC1_F9_2_val_2_screen	27741.0	397.0	394.0	27838.0
46363_44914_SO2_NC1_G9_1_val_1_screen	332.0	26034.0	26255.0	407.0
46363_44914_SO2_NC1_G9_2_val_2_screen	26865.0	536.0	542.0	26877.0
46363_44914_SO3_NC1_I6_1_val_1_screen	685.0	22475.0	22078.0	759.0
46363_44914_SO3_NC1_I6_2_val_2_screen	23049.0	953.0	959.0	22887.0
46606_44938_PO1_NC4_P9_1_val_1_screen	958.0	22453.0	22551.0	992.0
46606_44938_PO1_NC4_P9_2_val_2_screen	22806.0	1366.0	1345.0	23190.0
46606_44938_PO2_NC3_A10_1_val_1_screen	595.0	23754.0	24097.0	624.0
46606_44938_PO2_NC3_A10_2_val_2_screen	24598.0	848.0	830.0	24883.0
46606_44938_PO3_NC5_B10_1_val_1_screen	292.0	26981.0	27105.0	269.0
46606_44938_PO3_NC5_B10_2_val_2_screen	27894.0	579.0	501.0	27980.0
46606_44938_SO1_NC1_M9_1_val_1_screen	147.0	26571.0	26312.0	146.0
46606_44938_SO1_NC1_M9_2_val_2_screen	27321.0	278.0	343.0	26752.0
46606_44938_SO2_NC1_N9_1_val_1_screen	325.0	25101.0	25188.0	383.0
46606_44938_SO2_NC1_N9_2_val_2_screen	25634.0	525.0	544.0	25713.0
46606_44938_SO3_NC1_O9_1_val_1_screen	577.0	24108.0	24490.0	527.0
46606_44938_SO3_NC1_O9_2_val_2_screen	25030.0	816.0	780.0	25349.0
46606_44993_PO1_NC5_C9_1_val_1_screen	915.0	17538.0	17356.0	1018.0
46606_44993_PO1_NC5_C9_2_val_2_screen	18141.0	1010.0	1059.0	18188.0
46606_44993_PO2_NC5_D10_1_val_1_screen	547.0	25111.0	25213.0	507.0
46606_44993_PO2_NC5_D10_2_val_2_screen	25896.0	774.0	753.0	25899.0
46606_44993_PO3_NC5_E10_1_val_1_screen	356.0	25537.0	25410.0	313.0
46606_44993_PO3_NC5_E10_2_val_2_screen	26154.0	530.0	536.0	26243.0
46606_44993_PO4_NC5_F10_1_val_1_screen	576.0	25014.0	25188.0	601.0
46606_44993_PO4_NC5_F10_2_val_2_screen	25675.0	781.0	837.0	25779.0
