Sample	Original top strand	Complementary to original top strand	Complementary to original bottom strand	Original bottom strand
38897_44643_SO1_NC1_A1_1_val_1_screen	76.0	39280.0	39290.0	73.0
38897_44643_SO1_NC1_A1_2_val_2_screen	38902.0	149.0	143.0	38932.0
38897_44643_SO2_NC1_B1_1_val_1_screen	168.0	38903.0	39218.0	181.0
38897_44643_SO2_NC1_B1_2_val_2_screen	38962.0	259.0	280.0	38970.0
38897_44643_SO3_NC1_C2_1_val_1_screen	177.0	39341.0	39376.0	134.0
38897_44643_SO3_NC1_C2_2_val_2_screen	39173.0	307.0	245.0	39188.0
38897_44700_PO1_NC5_D1_1_val_1_screen	164.0	36622.0	36547.0	137.0
38897_44700_PO1_NC5_D1_2_val_2_screen	36179.0	333.0	304.0	36216.0
38897_44700_SO1_NC1_E1_1_val_1_screen	73.0	38522.0	38573.0	67.0
38897_44700_SO1_NC1_E1_2_val_2_screen	38143.0	182.0	158.0	38083.0
38897_44700_SO2_NC1_F1_1_val_1_screen	144.0	37891.0	37349.0	150.0
38897_44700_SO2_NC1_F1_2_val_2_screen	37572.0	323.0	298.0	37105.0
38897_44700_SO3_NC1_G1_1_val_1_screen	123.0	38425.0	38378.0	123.0
38897_44700_SO3_NC1_G1_2_val_2_screen	37969.0	191.0	207.0	37829.0
38897_44700_SO4_NC1_H1_1_val_1_screen	284.0	37540.0	37393.0	249.0
38897_44700_SO4_NC1_H1_2_val_2_screen	37106.0	388.0	383.0	36932.0
39053_45005_PO1_NC2_I1_1_val_1_screen	240.0	38453.0	35501.0	654.0
39053_45005_PO1_NC2_I1_2_val_2_screen	37897.0	397.0	812.0	35023.0
39053_45005_SO1_NC1_J1_1_val_1_screen	478.0	37373.0	28723.0	1531.0
39053_45005_SO1_NC1_J1_2_val_2_screen	36165.0	675.0	1896.0	27875.0
39053_45005_SO2_NC1_K1_1_val_1_screen	237.0	37322.0	34131.0	648.0
39053_45005_SO2_NC1_K1_2_val_2_screen	36572.0	385.0	843.0	33352.0
41237_44641_PO1_NC4_N2_1_val_1_screen	90.0	39843.0	40030.0	102.0
41237_44641_PO1_NC4_N2_2_val_2_screen	39555.0	204.0	216.0	39649.0
41237_44641_SO1_NC1_K2_1_val_1_screen	64.0	40498.0	40138.0	72.0
41237_44641_SO1_NC1_K2_2_val_2_screen	40367.0	150.0	166.0	40044.0
41237_44641_SO2_NC1_L2_1_val_1_screen	133.0	38945.0	39174.0	122.0
41237_44641_SO2_NC1_L2_2_val_2_screen	38533.0	197.0	210.0	38626.0
41237_44641_SO3_NC1_M2_1_val_1_screen	85.0	39412.0	39230.0	98.0
41237_44641_SO3_NC1_M2_2_val_2_screen	39016.0	197.0	210.0	38825.0
41299_44636_SOe_NC1_L1_1_val_1_screen	144.0	38130.0	38058.0	164.0
41299_44636_SOe_NC1_L1_2_val_2_screen	37607.0	227.0	273.0	37447.0
41299_44963_PO1_NC3_N1_1_val_1_screen	85.0	29221.0	29102.0	116.0
41299_44963_PO1_NC3_N1_2_val_2_screen	28896.0	171.0	199.0	28702.0
41299_44963_PO2_NC4_M1_1_val_1_screen	75.0	35709.0	35556.0	97.0
41299_44963_PO2_NC4_M1_2_val_2_screen	34995.0	157.0	190.0	34852.0
41299_44963_PO3_NC3_O1_1_val_1_screen	116.0	25880.0	25674.0	111.0
41299_44963_PO3_NC3_O1_2_val_2_screen	25613.0	177.0	169.0	25440.0
41299_44963_SO1_NC1_P1_1_val_1_screen	60.0	40970.0	40453.0	67.0
41299_44963_SO1_NC1_P1_2_val_2_screen	40831.0	151.0	160.0	40328.0
41299_44963_SO2_NC1_A2_1_val_1_screen	91.0	36026.0	35679.0	96.0
41299_44963_SO2_NC1_A2_2_val_2_screen	35628.0	213.0	195.0	35373.0
41299_44963_SO3_NC1_B2_1_val_1_screen	134.0	30900.0	30951.0	132.0
41299_44963_SO3_NC1_B2_2_val_2_screen	30712.0	161.0	199.0	30854.0
41299_45019_EO1_NC8_C1_1_val_1_screen	211.0	37565.0	36862.0	218.0
41299_45019_EO1_NC8_C1_2_val_2_screen	38167.0	323.0	320.0	37479.0
41299_45019_EO2_NC8_D2_1_val_1_screen	213.0	40557.0	40732.0	191.0
41299_45019_EO2_NC8_D2_2_val_2_screen	40516.0	312.0	327.0	40491.0
41299_45019_EO3_NC8_E2_1_val_1_screen	187.0	40806.0	41293.0	150.0
41299_45019_EO3_NC8_E2_2_val_2_screen	40858.0	250.0	248.0	41202.0
41299_45019_EO4_NC8_F2_1_val_1_screen	196.0	39777.0	39398.0	191.0
41299_45019_EO4_NC8_F2_2_val_2_screen	39668.0	318.0	341.0	39144.0
41299_45019_EO5_NC8_G2_1_val_1_screen	108.0	39993.0	40317.0	133.0
41299_45019_EO5_NC8_G2_2_val_2_screen	39661.0	247.0	282.0	40103.0
41299_45019_EO6_NC8_H2_1_val_1_screen	147.0	38241.0	38004.0	130.0
41299_45019_EO6_NC8_H2_2_val_2_screen	37885.0	222.0	238.0	37552.0
41299_45019_EO7_NC8_I2_1_val_1_screen	120.0	43279.0	43320.0	122.0
41299_45019_EO7_NC8_I2_2_val_2_screen	43303.0	241.0	248.0	43469.0
41299_45019_EO8_NC8_J2_1_val_1_screen	105.0	39347.0	39329.0	112.0
41299_45019_EO8_NC8_J2_2_val_2_screen	39018.0	194.0	189.0	39109.0
41391_44650_PO1_NC4_F3_1_val_1_screen	169.0	40017.0	39092.0	264.0
41391_44650_PO1_NC4_F3_2_val_2_screen	39415.0	307.0	411.0	38746.0
41391_44650_PO2_NC4_G3_1_val_1_screen	198.0	39748.0	39452.0	273.0
41391_44650_PO2_NC4_G3_2_val_2_screen	38946.0	388.0	437.0	38683.0
41391_44650_PO3_NC3_E3_1_val_1_screen	186.0	40118.0	39349.0	295.0
41391_44650_PO3_NC3_E3_2_val_2_screen	39645.0	364.0	488.0	38859.0
41391_44650_SO1_NC1_B3_1_val_1_screen	177.0	38536.0	38675.0	190.0
41391_44650_SO1_NC1_B3_2_val_2_screen	38179.0	263.0	293.0	38358.0
41391_44650_SO2_NC1_C4_1_val_1_screen	159.0	40131.0	39567.0	218.0
41391_44650_SO2_NC1_C4_2_val_2_screen	39637.0	319.0	358.0	38880.0
41391_44650_SO3_NC1_D3_1_val_1_screen	183.0	39911.0	39825.0	224.0
41391_44650_SO3_NC1_D3_2_val_2_screen	39557.0	355.0	382.0	39460.0
41391_44923_PO1_NC3_H3_1_val_1_screen	137.0	40026.0	39705.0	175.0
41391_44923_PO1_NC3_H3_2_val_2_screen	39765.0	285.0	311.0	39777.0
41391_44923_PO2_NC3_I3_1_val_1_screen	204.0	39716.0	39228.0	277.0
41391_44923_PO2_NC3_I3_2_val_2_screen	39039.0	338.0	421.0	38698.0
41391_44923_PO3_NC5_J3_1_val_1_screen	433.0	38278.0	33764.0	1144.0
41391_44923_PO3_NC5_J3_2_val_2_screen	37501.0	505.0	1381.0	33199.0
41391_44923_PO4_NC4_K3_1_val_1_screen	255.0	38328.0	36161.0	602.0
41391_44923_PO4_NC4_K3_2_val_2_screen	37491.0	436.0	796.0	35266.0
41391_44923_SO1_NC1_O2_1_val_1_screen	211.0	37029.0	33881.0	488.0
41391_44923_SO1_NC1_O2_2_val_2_screen	36494.0	333.0	648.0	32988.0
41391_44923_SO2_NC1_P2_1_val_1_screen	238.0	38232.0	34175.0	714.0
41391_44923_SO2_NC1_P2_2_val_2_screen	37495.0	361.0	927.0	33342.0
41391_44923_SO3_NC1_A3_1_val_1_screen	162.0	24360.0	24411.0	184.0
41391_44923_SO3_NC1_A3_2_val_2_screen	24220.0	277.0	279.0	24298.0
41460_44643_PO1_NC5_O3_1_val_1_screen	86.0	38300.0	38546.0	92.0
41460_44643_PO1_NC5_O3_2_val_2_screen	38045.0	193.0	170.0	38252.0
41460_44643_PO2_NC5_P3_1_val_1_screen	92.0	37909.0	37945.0	93.0
41460_44643_PO2_NC5_P3_2_val_2_screen	37450.0	183.0	197.0	37325.0
41460_44643_PO3_NC5_A4_1_val_1_screen	251.0	38864.0	38566.0	256.0
41460_44643_PO3_NC5_A4_2_val_2_screen	38114.0	359.0	366.0	38043.0
41460_44643_SO1_NC1_L3_1_val_1_screen	503.0	38184.0	38372.0	527.0
41460_44643_SO1_NC1_L3_2_val_2_screen	37462.0	615.0	661.0	37628.0
41460_44643_SO2_NC1_M3_1_val_1_screen	101.0	39105.0	39399.0	93.0
41460_44643_SO2_NC1_M3_2_val_2_screen	38480.0	225.0	217.0	38541.0
41460_44643_SO3_NC1_N3_1_val_1_screen	104.0	39625.0	39901.0	108.0
41460_44643_SO3_NC1_N3_2_val_2_screen	39058.0	203.0	228.0	39338.0
41460_45001_PO1_NC5_E4_1_val_1_screen	177.0	37651.0	37739.0	178.0
41460_45001_PO1_NC5_E4_2_val_2_screen	37230.0	387.0	338.0	37423.0
41460_45001_PO2_NC3_F4_1_val_1_screen	299.0	34295.0	34938.0	291.0
41460_45001_PO2_NC3_F4_2_val_2_screen	33796.0	410.0	453.0	34509.0
41460_45001_PO3_NC4_G4_1_val_1_screen	378.0	40037.0	39418.0	340.0
41460_45001_PO3_NC4_G4_2_val_2_screen	39461.0	560.0	531.0	38822.0
41460_45001_SO1_NC1_B4_1_val_1_screen	158.0	39073.0	39265.0	137.0
41460_45001_SO1_NC1_B4_2_val_2_screen	38555.0	339.0	277.0	38836.0
41460_45001_SO2_NC1_C3_1_val_1_screen	120.0	37915.0	38185.0	114.0
41460_45001_SO2_NC1_C3_2_val_2_screen	37684.0	248.0	242.0	37848.0
41460_45001_SO3_NC1_D4_1_val_1_screen	190.0	38960.0	39383.0	185.0
41460_45001_SO3_NC1_D4_2_val_2_screen	38688.0	394.0	397.0	39084.0
42111_44957_PO1_NC3_K4_1_val_1_screen	196.0	33828.0	33764.0	169.0
42111_44957_PO1_NC3_K4_2_val_2_screen	33251.0	292.0	289.0	33107.0
42111_44957_PO2_NC3_L4_1_val_1_screen	247.0	36454.0	36949.0	222.0
42111_44957_PO2_NC3_L4_2_val_2_screen	35938.0	374.0	364.0	36257.0
42111_44957_SO1_NC1_H4_1_val_1_screen	152.0	34548.0	35105.0	161.0
42111_44957_SO1_NC1_H4_2_val_2_screen	33963.0	263.0	249.0	34514.0
42111_44957_SO2_NC1_B5_1_val_1_screen	195.0	39501.0	39459.0	179.0
42111_44957_SO2_NC1_B5_2_val_2_screen	39085.0	372.0	352.0	39039.0
42111_44957_SO3_NC1_J4_1_val_1_screen	125.0	38634.0	38485.0	108.0
42111_44957_SO3_NC1_J4_2_val_2_screen	38093.0	215.0	221.0	38033.0
42111_45019_EOo_NC8_M4_1_val_1_screen	138.0	39076.0	39386.0	125.0
42111_45019_EOo_NC8_M4_2_val_2_screen	38573.0	259.0	265.0	38947.0
42473_44998_PO1_NC2_I4_1_val_1_screen	270.0	21419.0	21352.0	273.0
42473_44998_PO1_NC2_I4_2_val_2_screen	20761.0	304.0	370.0	21025.0
42473_44998_SO1_NC1_P4_1_val_1_screen	324.0	58089.0	57587.0	303.0
42473_44998_SO1_NC1_P4_2_val_2_screen	57430.0	471.0	413.0	57238.0
42473_44998_SO2_NC1_A5_1_val_1_screen	148.0	35519.0	35314.0	130.0
42473_44998_SO2_NC1_A5_2_val_2_screen	34930.0	310.0	309.0	34683.0
42473_45061_EO1_NC8_O4_1_val_1_screen	111.0	29619.0	29825.0	135.0
42473_45061_EO1_NC8_O4_2_val_2_screen	29103.0	222.0	208.0	29378.0
42651_45042_PO1_NC3_E5_1_val_1_screen	144.0	39158.0	38870.0	145.0
42651_45042_PO1_NC3_E5_2_val_2_screen	38705.0	347.0	363.0	38420.0
42651_45042_PO2_NC4_N4_1_val_1_screen	154.0	39243.0	39427.0	169.0
42651_45042_PO2_NC4_N4_2_val_2_screen	38605.0	322.0	339.0	38718.0
42651_45042_PO3_NC4_G5_1_val_1_screen	120.0	37417.0	37436.0	143.0
42651_45042_PO3_NC4_G5_2_val_2_screen	37000.0	286.0	263.0	37014.0
42651_45042_SO1_NC1_C6_1_val_1_screen	153.0	36154.0	35847.0	128.0
42651_45042_SO1_NC1_C6_2_val_2_screen	35565.0	310.0	320.0	35448.0
42651_45042_SO2_NC1_D5_1_val_1_screen	135.0	37108.0	37397.0	126.0
42651_45042_SO2_NC1_D5_2_val_2_screen	37049.0	208.0	213.0	37140.0
42651_45042_SO3_NC1_F5_1_val_1_screen	152.0	39642.0	39558.0	142.0
42651_45042_SO3_NC1_F5_2_val_2_screen	39229.0	350.0	346.0	39177.0
43028_44664_PO2_NC5_K5_1_val_1_screen	102.0	40040.0	39762.0	109.0
43028_44664_PO2_NC5_K5_2_val_2_screen	39802.0	208.0	211.0	39456.0
43028_44664_SO1_NC1_H5_1_val_1_screen	104.0	39392.0	39065.0	124.0
43028_44664_SO1_NC1_H5_2_val_2_screen	39236.0	251.0	239.0	38899.0
43028_44664_SO2_NC1_I5_1_val_1_screen	186.0	39470.0	39629.0	192.0
43028_44664_SO2_NC1_I5_2_val_2_screen	38979.0	287.0	334.0	39346.0
43028_44664_SO3_NC1_J5_1_val_1_screen	106.0	39374.0	39444.0	101.0
43028_44664_SO3_NC1_J5_2_val_2_screen	38982.0	195.0	202.0	39115.0
43051_44931_SO1_NC1_L5_1_val_1_screen	127.0	39357.0	39267.0	122.0
43051_44931_SO1_NC1_L5_2_val_2_screen	39037.0	262.0	235.0	38916.0
43051_45068_EO1_NC8_M5_1_val_1_screen	91.0	36599.0	36519.0	94.0
43051_45068_EO1_NC8_M5_2_val_2_screen	36073.0	198.0	184.0	35882.0
43051_45068_EO2_NC8_N5_1_val_1_screen	50.0	156.0	147.0	40.0
43051_45068_EO2_NC8_N5_2_val_2_screen	195.0	33.0	30.0	212.0
43051_45068_EO3_NC8_O5_1_val_1_screen	114.0	39103.0	38908.0	116.0
43051_45068_EO3_NC8_O5_2_val_2_screen	38669.0	231.0	238.0	38643.0
44218_44676_PO1_NC4_M6_1_val_1_screen	181.0	32862.0	32800.0	160.0
44218_44676_PO1_NC4_M6_2_val_2_screen	32460.0	261.0	227.0	32412.0
44218_44676_SO1_NC1_J6_1_val_1_screen	118.0	40822.0	41017.0	135.0
44218_44676_SO1_NC1_J6_2_val_2_screen	40324.0	220.0	213.0	40392.0
44218_44676_SO2_NC1_K6_1_val_1_screen	150.0	38292.0	37933.0	144.0
44218_44676_SO2_NC1_K6_2_val_2_screen	37767.0	263.0	299.0	37397.0
44218_44676_SO3_NC1_L6_1_val_1_screen	305.0	39231.0	39528.0	338.0
44218_44676_SO3_NC1_L6_2_val_2_screen	38440.0	574.0	634.0	38754.0
44564_44991_PO1_NC3_H6_1_val_1_screen	212.0	39933.0	39106.0	238.0
44564_44991_PO1_NC3_H6_2_val_2_screen	39646.0	309.0	378.0	38692.0
44564_44991_SO1_NC1_E6_1_val_1_screen	312.0	38952.0	36162.0	666.0
44564_44991_SO1_NC1_E6_2_val_2_screen	38249.0	472.0	898.0	35621.0
44564_44991_SO2_NC1_F6_1_val_1_screen	217.0	36397.0	36342.0	218.0
44564_44991_SO2_NC1_F6_2_val_2_screen	36083.0	319.0	320.0	36004.0
44564_44991_SO3_NC1_G6_1_val_1_screen	107.0	29390.0	29197.0	105.0
44564_44991_SO3_NC1_G6_2_val_2_screen	29025.0	234.0	242.0	28935.0
44994_45005_PO1_NC3_B6_1_val_1_screen	126.0	40599.0	39410.0	273.0
44994_45005_PO1_NC3_B6_2_val_2_screen	40345.0	257.0	401.0	39316.0
44994_45005_PO2_NC3_C5_1_val_1_screen	229.0	40106.0	39491.0	275.0
44994_45005_PO2_NC3_C5_2_val_2_screen	39453.0	347.0	414.0	39097.0
44994_45005_SO1_NC1_P5_1_val_1_screen	75.0	38871.0	38874.0	79.0
44994_45005_SO1_NC1_P5_2_val_2_screen	38390.0	171.0	209.0	38420.0
44994_45005_SO2_NC1_A6_1_val_1_screen	193.0	40558.0	39552.0	333.0
44994_45005_SO2_NC1_A6_2_val_2_screen	39967.0	351.0	459.0	39032.0
44994_45005_SO3_NC1_D6_1_val_1_screen	302.0	40026.0	37406.0	719.0
44994_45005_SO3_NC1_D6_2_val_2_screen	39500.0	525.0	967.0	36749.0
45208_44650_PO1_NC5_A7_1_val_1_screen	133.0	39791.0	39552.0	134.0
45208_44650_PO1_NC5_A7_2_val_2_screen	39206.0	314.0	305.0	39067.0
45208_44650_PO2_NC3_B7_1_val_1_screen	109.0	38924.0	38750.0	118.0
45208_44650_PO2_NC3_B7_2_val_2_screen	38183.0	217.0	242.0	38132.0
45208_44650_PO3_NC5_C8_1_val_1_screen	200.0	38613.0	38576.0	136.0
45208_44650_PO3_NC5_C8_2_val_2_screen	38111.0	311.0	273.0	38198.0
45208_44650_SO1_NC1_N6_1_val_1_screen	132.0	39765.0	38964.0	126.0
45208_44650_SO1_NC1_N6_2_val_2_screen	39147.0	259.0	226.0	38516.0
45208_44650_SO2_NC1_O6_1_val_1_screen	109.0	39435.0	39509.0	104.0
45208_44650_SO2_NC1_O6_2_val_2_screen	39121.0	246.0	255.0	39137.0
45208_44650_SO3_NC1_P6_1_val_1_screen	121.0	40898.0	40855.0	104.0
45208_44650_SO3_NC1_P6_2_val_2_screen	40556.0	269.0	259.0	40458.0
45208_45054_BL1_NC16_I7_1_val_1_screen	121.0	33596.0	33766.0	127.0
45208_45054_BL1_NC16_I7_2_val_2_screen	33074.0	255.0	247.0	33430.0
45208_45054_BL2_NC16_J7_1_val_1_screen	99.0	40361.0	40350.0	87.0
45208_45054_BL2_NC16_J7_2_val_2_screen	40365.0	259.0	204.0	40247.0
45208_45054_BL3_NC16_K7_1_val_1_screen	228.0	39666.0	40281.0	257.0
45208_45054_BL3_NC16_K7_2_val_2_screen	39058.0	398.0	420.0	39681.0
45208_45054_BL4_NC16_L7_1_val_1_screen	109.0	40560.0	40574.0	115.0
45208_45054_BL4_NC16_L7_2_val_2_screen	40325.0	256.0	245.0	40064.0
45208_45054_BL5_NC16_M7_1_val_1_screen	93.0	40306.0	40545.0	93.0
45208_45054_BL5_NC16_M7_2_val_2_screen	39694.0	248.0	257.0	39818.0
45208_45054_BL6_NC16_N7_1_val_1_screen	156.0	39565.0	39647.0	123.0
45208_45054_BL6_NC16_N7_2_val_2_screen	39412.0	293.0	252.0	39258.0
45208_45054_EO1_NC8_D7_1_val_1_screen	120.0	37610.0	38092.0	137.0
45208_45054_EO1_NC8_D7_2_val_2_screen	37176.0	251.0	304.0	37540.0
45208_45054_EO2_NC8_E7_1_val_1_screen	191.0	30681.0	30711.0	233.0
45208_45054_EO2_NC8_E7_2_val_2_screen	30282.0	325.0	326.0	30433.0
45208_45054_EO3_NC8_F7_1_val_1_screen	140.0	39579.0	39464.0	144.0
45208_45054_EO3_NC8_F7_2_val_2_screen	39195.0	312.0	290.0	39285.0
45208_45054_EO4_NC8_G7_1_val_1_screen	116.0	39599.0	39899.0	79.0
45208_45054_EO4_NC8_G7_2_val_2_screen	39505.0	278.0	254.0	39799.0
45208_45054_EO5_NC8_H7_1_val_1_screen	168.0	39420.0	39389.0	159.0
45208_45054_EO5_NC8_H7_2_val_2_screen	38960.0	291.0	301.0	38753.0
45669_44700_PO1_NC5_O8_1_val_1_screen	146.0	41096.0	40612.0	231.0
45669_44700_PO1_NC5_O8_2_val_2_screen	40200.0	269.0	343.0	39849.0
45669_44700_PO2_NC5_P8_1_val_1_screen	199.0	40813.0	39837.0	326.0
45669_44700_PO2_NC5_P8_2_val_2_screen	40270.0	306.0	423.0	39278.0
45669_44700_PO3_NC4_A9_1_val_1_screen	221.0	40395.0	39523.0	287.0
45669_44700_PO3_NC4_A9_2_val_2_screen	39643.0	362.0	471.0	39316.0
45669_44700_SO1_NC1_L8_1_val_1_screen	148.0	35885.0	35908.0	125.0
45669_44700_SO1_NC1_L8_2_val_2_screen	35452.0	206.0	228.0	35596.0
45669_44700_SO2_NC1_M8_1_val_1_screen	122.0	40586.0	39782.0	210.0
45669_44700_SO2_NC1_M8_2_val_2_screen	39868.0	275.0	378.0	39180.0
45669_44700_SO3_NC1_N8_1_val_1_screen	207.0	40936.0	40144.0	237.0
45669_44700_SO3_NC1_N8_2_val_2_screen	39995.0	335.0	378.0	39369.0
45669_44964_PO1_NC4_B8_1_val_1_screen	286.0	39160.0	38542.0	499.0
45669_44964_PO1_NC4_B8_2_val_2_screen	38543.0	468.0	710.0	37912.0
45669_44964_PO2_NC4_C7_1_val_1_screen	208.0	38998.0	38047.0	406.0
45669_44964_PO2_NC4_C7_2_val_2_screen	38454.0	325.0	543.0	37547.0
45669_44964_PO3_NC3_D8_1_val_1_screen	301.0	40001.0	39374.0	480.0
45669_44964_PO3_NC3_D8_2_val_2_screen	39383.0	513.0	713.0	38679.0
45669_44964_PO4_NC3_E8_1_val_1_screen	256.0	40078.0	38942.0	445.0
45669_44964_PO4_NC3_E8_2_val_2_screen	39378.0	552.0	707.0	38484.0
45669_44964_SO1_NC1_O7_1_val_1_screen	215.0	40169.0	40358.0	229.0
45669_44964_SO1_NC1_O7_2_val_2_screen	39770.0	351.0	321.0	40001.0
45669_44964_SO2_NC1_P7_1_val_1_screen	208.0	38948.0	36871.0	425.0
45669_44964_SO2_NC1_P7_2_val_2_screen	38187.0	318.0	585.0	36175.0
45669_44964_SO3_NC1_A8_1_val_1_screen	166.0	40625.0	40293.0	216.0
45669_44964_SO3_NC1_A8_2_val_2_screen	40211.0	276.0	337.0	39898.0
45982_44908_PO1_NC3_J8_1_val_1_screen	127.0	39939.0	39749.0	84.0
45982_44908_PO1_NC3_J8_2_val_2_screen	39434.0	220.0	219.0	39371.0
45982_44908_PO2_NC4_K8_1_val_1_screen	175.0	33860.0	33936.0	203.0
45982_44908_PO2_NC4_K8_2_val_2_screen	33076.0	335.0	316.0	33498.0
45982_44908_SO1_NC1_G8_1_val_1_screen	159.0	36307.0	36092.0	144.0
45982_44908_SO1_NC1_G8_2_val_2_screen	35973.0	279.0	282.0	35859.0
45982_44908_SO2_NC1_H8_1_val_1_screen	232.0	38475.0	38284.0	253.0
45982_44908_SO2_NC1_H8_2_val_2_screen	37823.0	304.0	345.0	37746.0
45982_44908_SO3_NC1_I8_1_val_1_screen	166.0	37540.0	37384.0	175.0
45982_44908_SO3_NC1_I8_2_val_2_screen	36778.0	247.0	256.0	36776.0
45982_45001_PO1_NC3_E9_1_val_1_screen	191.0	34383.0	34276.0	183.0
45982_45001_PO1_NC3_E9_2_val_2_screen	33849.0	325.0	323.0	34033.0
45982_45001_PO2_NC4_F8_1_val_1_screen	240.0	39844.0	38268.0	479.0
45982_45001_PO2_NC4_F8_2_val_2_screen	39153.0	381.0	644.0	37595.0
45982_45001_SO1_NC1_B9_1_val_1_screen	108.0	40284.0	39460.0	192.0
45982_45001_SO1_NC1_B9_2_val_2_screen	40245.0	270.0	332.0	39494.0
45982_45001_SO2_NC1_C10_1_val_1_screen	285.0	35677.0	35126.0	278.0
45982_45001_SO2_NC1_C10_2_val_2_screen	35089.0	378.0	420.0	34727.0
45982_45001_SO3_NC1_D9_1_val_1_screen	221.0	36142.0	36171.0	179.0
45982_45001_SO3_NC1_D9_2_val_2_screen	35765.0	466.0	432.0	35687.0
46363_44664_PO1_NC5_L9_1_val_1_screen	156.0	39717.0	40009.0	150.0
46363_44664_PO1_NC5_L9_2_val_2_screen	39313.0	365.0	320.0	39572.0
46363_44664_SO1_NC1_I9_1_val_1_screen	131.0	39854.0	40077.0	111.0
46363_44664_SO1_NC1_I9_2_val_2_screen	39539.0	271.0	277.0	39569.0
46363_44664_SO2_NC1_J9_1_val_1_screen	87.0	39546.0	39689.0	86.0
46363_44664_SO2_NC1_J9_2_val_2_screen	39120.0	205.0	198.0	39260.0
46363_44664_SO3_NC1_K9_1_val_1_screen	158.0	37607.0	37386.0	181.0
46363_44664_SO3_NC1_K9_2_val_2_screen	37160.0	288.0	308.0	36748.0
46363_44914_PO1_NC4_H9_1_val_1_screen	157.0	39361.0	39201.0	186.0
46363_44914_PO1_NC4_H9_2_val_2_screen	38819.0	394.0	336.0	38910.0
46363_44914_SO1_NC1_F9_1_val_1_screen	77.0	39831.0	39475.0	91.0
46363_44914_SO1_NC1_F9_2_val_2_screen	39860.0	296.0	272.0	39660.0
46363_44914_SO2_NC1_G9_1_val_1_screen	328.0	39362.0	39370.0	325.0
46363_44914_SO2_NC1_G9_2_val_2_screen	39098.0	464.0	443.0	38975.0
46363_44914_SO3_NC1_I6_1_val_1_screen	166.0	32107.0	31734.0	169.0
46363_44914_SO3_NC1_I6_2_val_2_screen	31678.0	278.0	270.0	31228.0
46606_44938_PO1_NC4_P9_1_val_1_screen	185.0	33002.0	32647.0	191.0
46606_44938_PO1_NC4_P9_2_val_2_screen	32426.0	279.0	286.0	32269.0
46606_44938_PO2_NC3_A10_1_val_1_screen	171.0	34334.0	34042.0	176.0
46606_44938_PO2_NC3_A10_2_val_2_screen	34209.0	276.0	276.0	33655.0
46606_44938_PO3_NC5_B10_1_val_1_screen	242.0	39751.0	39784.0	248.0
46606_44938_PO3_NC5_B10_2_val_2_screen	39409.0	489.0	505.0	39423.0
46606_44938_SO1_NC1_M9_1_val_1_screen	76.0	39947.0	39497.0	69.0
46606_44938_SO1_NC1_M9_2_val_2_screen	39703.0	205.0	199.0	39269.0
46606_44938_SO2_NC1_N9_1_val_1_screen	151.0	38292.0	38422.0	175.0
46606_44938_SO2_NC1_N9_2_val_2_screen	37525.0	284.0	297.0	37949.0
46606_44938_SO3_NC1_O9_1_val_1_screen	176.0	36224.0	36569.0	133.0
46606_44938_SO3_NC1_O9_2_val_2_screen	35832.0	294.0	280.0	36226.0
46606_44993_PO1_NC5_C9_1_val_1_screen	318.0	24941.0	24912.0	256.0
46606_44993_PO1_NC5_C9_2_val_2_screen	25184.0	207.0	222.0	25077.0
46606_44993_PO2_NC5_D10_1_val_1_screen	161.0	36693.0	36859.0	140.0
46606_44993_PO2_NC5_D10_2_val_2_screen	36277.0	296.0	277.0	36513.0
46606_44993_PO3_NC5_E10_1_val_1_screen	213.0	38135.0	38071.0	180.0
46606_44993_PO3_NC5_E10_2_val_2_screen	37770.0	376.0	333.0	37724.0
46606_44993_PO4_NC5_F10_1_val_1_screen	301.0	36916.0	36949.0	298.0
46606_44993_PO4_NC5_F10_2_val_2_screen	36358.0	423.0	424.0	36534.0
