	22	27	32	37	42	47	52	57	62	67	72	77	82	87	92	97	102	107	112	117	122	127	130
38897_44643_SO1_NC1_A1_1_val_1	376.0	1157.0	6569.0	7433.0	21059.0	33627.0	38085.0	40014.0	43510.0	44991.0	49369.0	49349.0	53916.0	55091.0	60547.0	60709.0	66937.0	68337.0	75145.0	76653.0	84128.0	1709293.0	1719081.0
	22	27	32	37	42	47	52	57	62	67	72	77	82	87	92	97	102	107	112	117	120
38897_44643_SO1_NC1_A1_2_val_2	2405.0	2008.0	17039.0	33415.0	38259.0	40203.0	43666.0	45067.0	49512.0	49526.0	54080.0	55314.0	60933.0	61245.0	67520.0	68854.0	75856.0	78055.0	94402.0	1781631.0	1646386.0
	22	27	32	37	42	47	52	57	62	67	72	77	82	87	92	97	102	107	112	117	122	127	130
38897_44643_SO2_NC1_B1_1_val_1	193.0	343.0	1466.0	1791.0	4937.0	8511.0	9012.0	9887.0	11212.0	11754.0	13304.0	13959.0	15608.0	16588.0	18688.0	18950.0	21808.0	22288.0	25558.0	26749.0	30936.0	1087318.0	1117245.0
	22	27	32	37	42	47	52	57	62	67	72	77	82	87	92	97	102	107	112	117	120
38897_44643_SO2_NC1_B1_2_val_2	1278.0	1682.0	4690.0	8596.0	9412.0	10246.0	11536.0	12153.0	13662.0	14323.0	16013.0	16872.0	18911.0	19417.0	22319.0	22819.0	26231.0	27897.0	38556.0	1147421.0	1044071.0
	22	27	32	37	42	47	52	57	62	67	72	77	82	87	92	97	102	107	112	117	122	127	130
38897_44643_SO3_NC1_C2_1_val_1	583.0	1253.0	4479.0	5356.0	14037.0	23332.0	26932.0	28938.0	32368.0	34647.0	38907.0	41169.0	45975.0	48377.0	54884.0	56498.0	64548.0	67130.0	75863.0	80906.0	93066.0	3792178.0	3841903.0
	22	27	32	37	42	47	52	57	62	67	72	77	82	87	92	97	102	107	112	117	120
38897_44643_SO3_NC1_C2_2_val_2	3653.0	4048.0	12886.0	24583.0	28490.0	30485.0	33737.0	36168.0	40248.0	42532.0	47445.0	50046.0	56414.0	58324.0	66615.0	69154.0	78250.0	85402.0	121978.0	3971908.0	3610963.0
	22	27	32	37	42	47	52	57	62	67	72	77	82	87	92	97	102	107	112	117	122	127	130
38897_44700_PO1_NC5_D1_1_val_1	909.0	1855.0	8152.0	9685.0	21638.0	35014.0	39965.0	43009.0	48095.0	50728.0	56625.0	58094.0	65885.0	67593.0	76206.0	79367.0	89045.0	92461.0	103562.0	110453.0	128106.0	4766058.0	4789314.0
	22	27	32	37	42	47	52	57	62	67	72	77	82	87	92	97	102	107	112	117	120
38897_44700_PO1_NC5_D1_2_val_2	7323.0	8106.0	19974.0	36849.0	42406.0	45187.0	50067.0	52758.0	58565.0	60125.0	67809.0	69648.0	78187.0	81592.0	91651.0	94994.0	106501.0	116072.0	163474.0	4975609.0	4514922.0
	22	27	32	37	42	47	52	57	62	67	72	77	82	87	92	97	102	107	112	117	122	127	130
38897_44700_SO1_NC1_E1_1_val_1	416.0	1020.0	5468.0	6359.0	13269.0	21925.0	24275.0	26347.0	28526.0	29320.0	32375.0	32671.0	35951.0	36811.0	40877.0	41879.0	45957.0	47030.0	52235.0	54916.0	62047.0	1768691.0	1765341.0
	22	27	32	37	42	47	52	57	62	67	72	77	82	87	92	97	102	107	112	117	120
38897_44700_SO1_NC1_E1_2_val_2	3652.0	3784.0	11023.0	21813.0	24595.0	26583.0	28719.0	29471.0	32522.0	32800.0	36256.0	36948.0	41025.0	42116.0	46441.0	47535.0	52778.0	56117.0	73053.0	1871088.0	1655387.0
	22	27	32	37	42	47	52	57	62	67	72	77	82	87	92	97	102	107	112	117	122	127	130
38897_44700_SO2_NC1_F1_1_val_1	211.0	492.0	2312.0	2869.0	6631.0	11033.0	12270.0	13042.0	14360.0	14869.0	16981.0	17446.0	19374.0	20224.0	22468.0	23443.0	25873.0	27018.0	30238.0	31692.0	37172.0	1341057.0	1346474.0
	22	27	32	37	42	47	52	57	62	67	72	77	82	87	92	97	102	107	112	117	120
38897_44700_SO2_NC1_F1_2_val_2	1874.0	2275.0	6144.0	11248.0	12871.0	13569.0	14875.0	15485.0	17431.0	17876.0	19966.0	20683.0	22873.0	24027.0	26576.0	27664.0	30976.0	33159.0	47257.0	1398273.0	1272447.0
	22	27	32	37	42	47	52	57	62	67	72	77	82	87	92	97	102	107	112	117	122	127	130
38897_44700_SO3_NC1_G1_1_val_1	580.0	1281.0	5422.0	6485.0	16333.0	26891.0	30339.0	32523.0	36225.0	37531.0	42177.0	43892.0	49068.0	50550.0	56920.0	57810.0	64705.0	66956.0	74807.0	78170.0	88484.0	2689827.0	2713361.0
	22	27	32	37	42	47	52	57	62	67	72	77	82	87	92	97	102	107	112	117	120
38897_44700_SO3_NC1_G1_2_val_2	3846.0	4613.0	14787.0	27117.0	31259.0	33587.0	37154.0	38537.0	43169.0	44663.0	49791.0	51303.0	57666.0	58970.0	65932.0	68231.0	76298.0	80999.0	107773.0	2793927.0	2580715.0
	22	27	32	37	42	47	52	57	62	67	72	77	82	87	92	97	102	107	112	117	122	127	130
38897_44700_SO4_NC1_H1_1_val_1	279.0	728.0	2993.0	3547.0	9337.0	14808.0	17469.0	18188.0	20377.0	20997.0	23098.0	23820.0	26608.0	27374.0	30718.0	31799.0	34911.0	36610.0	39882.0	42091.0	47555.0	1495848.0	1491717.0
	22	27	32	37	42	47	52	57	62	67	72	77	82	87	92	97	102	107	112	117	120
38897_44700_SO4_NC1_H1_2_val_2	2102.0	2150.0	7982.0	15117.0	18017.0	18603.0	20727.0	21347.0	23617.0	24264.0	27029.0	27760.0	31188.0	32312.0	35480.0	37217.0	40625.0	43361.0	57715.0	1531786.0	1442355.0
	22	27	32	37	42	47	52	57	62	67	72	77	82	87	92	97	102	107	112	117	122	127	130
39053_45005_PO1_NC2_I1_1_val_1	317.0	673.0	2916.0	3128.0	8063.0	12907.0	14939.0	15573.0	17046.0	17706.0	19731.0	19992.0	22245.0	23051.0	25597.0	26094.0	29072.0	29895.0	33202.0	34212.0	39566.0	1126245.0	1142795.0
	22	27	32	37	42	47	52	57	62	67	72	77	82	87	92	97	102	107	112	117	120
39053_45005_PO1_NC2_I1_2_val_2	2093.0	2099.0	7166.0	13364.0	15508.0	16080.0	17539.0	18201.0	20222.0	20418.0	22681.0	23583.0	26137.0	26679.0	29743.0	30531.0	33894.0	35594.0	48562.0	1183542.0	1071329.0
	22	27	32	37	42	47	52	57	62	67	72	77	82	87	92	97	102	107	112	117	122	127	130
39053_45005_SO1_NC1_J1_1_val_1	153.0	354.0	1383.0	1675.0	3637.0	5498.0	6173.0	6511.0	7259.0	7222.0	8174.0	8047.0	9134.0	9132.0	10342.0	10455.0	11419.0	11775.0	13205.0	13743.0	15694.0	421537.0	428045.0
	22	27	32	37	42	47	52	57	62	67	72	77	82	87	92	97	102	107	112	117	120
39053_45005_SO1_NC1_J1_2_val_2	1152.0	1346.0	3316.0	5831.0	6549.0	6801.0	7531.0	7519.0	8442.0	8321.0	9454.0	9451.0	10579.0	10804.0	11831.0	12102.0	13681.0	14555.0	20029.0	443216.0	398057.0
	22	27	32	37	42	47	52	57	62	67	72	77	82	87	92	97	102	107	112	117	122	127	130
39053_45005_SO2_NC1_K1_1_val_1	295.0	693.0	4060.0	4716.0	9900.0	15696.0	18004.0	18786.0	20242.0	20928.0	22597.0	23126.0	25092.0	25713.0	28220.0	28629.0	31528.0	31970.0	35240.0	37226.0	40914.0	1076222.0	1064709.0
	22	27	32	37	42	47	52	57	62	67	72	77	82	87	92	97	102	107	112	117	120
39053_45005_SO2_NC1_K1_2_val_2	2900.0	2918.0	8809.0	16011.0	18474.0	19317.0	20754.0	21407.0	23086.0	23530.0	25550.0	26104.0	28621.0	29130.0	32117.0	32534.0	35936.0	38443.0	48815.0	1119370.0	1010680.0
	22	27	32	37	42	47	52	57	62	67	72	77	82	87	92	97	102	107	112	117	122	127	130
41237_44641_PO1_NC4_N2_1_val_1	4076.0	10311.0	51347.0	59570.0	141268.0	230454.0	263461.0	278431.0	308884.0	320384.0	357473.0	365120.0	405396.0	415723.0	469334.0	476039.0	529985.0	547630.0	612999.0	635604.0	723888.0	21614723.0	21502724.0
	22	27	32	37	42	47	52	57	62	67	72	77	82	87	92	97	102	107	112	117	120
41237_44641_PO1_NC4_N2_2_val_2	29549.0	29607.0	117184.0	233949.0	269587.0	283629.0	313653.0	325757.0	362647.0	370256.0	411257.0	422462.0	475924.0	484488.0	540007.0	557496.0	624408.0	656845.0	871344.0	22256623.0	20688152.0
	22	27	32	37	42	47	52	57	62	67	72	77	82	87	92	97	102	107	112	117	122	127	130
41237_44641_SO1_NC1_K2_1_val_1	1891.0	4767.0	22731.0	25827.0	66105.0	109994.0	126230.0	134808.0	151975.0	158576.0	178163.0	183099.0	206772.0	212647.0	240086.0	245191.0	278515.0	284702.0	321293.0	335128.0	381375.0	11523139.0	11506643.0
	22	27	32	37	42	47	52	57	62	67	72	77	82	87	92	97	102	107	112	117	120
41237_44641_SO1_NC1_K2_2_val_2	12541.0	12053.0	55356.0	111584.0	128993.0	137428.0	154357.0	161183.0	180520.0	185503.0	209410.0	215392.0	243124.0	249170.0	282990.0	288993.0	326377.0	344654.0	456605.0	11939710.0	11003714.0
	22	27	32	37	42	47	52	57	62	67	72	77	82	87	92	97	102	107	112	117	122	127	130
41237_44641_SO2_NC1_L2_1_val_1	669.0	1552.0	6687.0	7795.0	20967.0	35139.0	40302.0	43100.0	48652.0	51467.0	57696.0	59623.0	67362.0	69327.0	79225.0	81680.0	91103.0	95194.0	106231.0	112411.0	129599.0	4260128.0	4232849.0
	22	27	32	37	42	47	52	57	62	67	72	77	82	87	92	97	102	107	112	117	120
41237_44641_SO2_NC1_L2_2_val_2	4624.0	4950.0	18093.0	36178.0	41673.0	44338.0	49801.0	52578.0	58966.0	60793.0	68662.0	70596.0	80518.0	83368.0	92847.0	96900.0	108313.0	116555.0	157459.0	4433096.0	4018450.0
	22	27	32	37	42	47	52	57	62	67	72	77	82	87	92	97	102	107	112	117	122	127	130
41237_44641_SO3_NC1_M2_1_val_1	849.0	2379.0	12620.0	14398.0	36273.0	59494.0	67542.0	70852.0	77041.0	79676.0	86006.0	87887.0	95966.0	96788.0	107465.0	108707.0	118888.0	121235.0	133822.0	138085.0	155190.0	3719529.0	3705101.0
	22	27	32	37	42	47	52	57	62	67	72	77	82	87	92	97	102	107	112	117	120
41237_44641_SO3_NC1_M2_2_val_2	6937.0	7248.0	29904.0	59655.0	68367.0	71493.0	77546.0	80340.0	86581.0	88530.0	96774.0	97540.0	108405.0	109960.0	120322.0	122665.0	135379.0	140987.0	177891.0	3838307.0	3570962.0
	22	27	32	37	42	47	52	57	62	67	72	77	82	87	92	97	102	107	112	117	122	127	130
41299_44636_SOe_NC1_L1_1_val_1	177.0	490.0	2264.0	2605.0	6335.0	10434.0	11101.0	11535.0	12638.0	13017.0	14462.0	14691.0	16197.0	16918.0	18052.0	18923.0	20579.0	21621.0	23903.0	24825.0	28646.0	850041.0	860970.0
	22	27	32	37	42	47	52	57	62	67	72	77	82	87	92	97	102	107	112	117	120
41299_44636_SOe_NC1_L1_2_val_2	1532.0	1944.0	5499.0	10435.0	11358.0	11870.0	12898.0	13344.0	14808.0	15034.0	16446.0	17098.0	18251.0	19250.0	21012.0	22000.0	24430.0	25621.0	34902.0	898195.0	804497.0
	22	27	32	37	42	47	52	57	62	67	72	77	82	87	92	97	102	107	112	117	122	127	130
41299_44963_PO1_NC3_N1_1_val_1	367.0	1138.0	6342.0	7083.0	15594.0	25522.0	28650.0	30073.0	32319.0	33028.0	35996.0	36209.0	39342.0	39498.0	43528.0	43649.0	47517.0	47783.0	52335.0	54092.0	60261.0	1147682.0	1137434.0
	22	27	32	37	42	47	52	57	62	67	72	77	82	87	92	97	102	107	112	117	120
41299_44963_PO1_NC3_N1_2_val_2	3604.0	3840.0	12615.0	25288.0	28881.0	30314.0	32340.0	33109.0	36054.0	36397.0	39578.0	39663.0	43628.0	43978.0	47789.0	48054.0	52849.0	54886.0	67736.0	1202404.0	1082435.0
	22	27	32	37	42	47	52	57	62	67	72	77	82	87	92	97	102	107	112	117	122	127	130
41299_44963_PO2_NC4_M1_1_val_1	387.0	1052.0	5877.0	6682.0	13633.0	25142.0	23484.0	23746.0	25203.0	25923.0	27870.0	28018.0	30524.0	31576.0	34607.0	31876.0	34666.0	35245.0	37971.0	39515.0	44450.0	905292.0	907632.0
	22	27	32	37	42	47	52	57	62	67	72	77	82	87	92	97	102	107	112	117	120
41299_44963_PO2_NC4_M1_2_val_2	5754.0	9051.0	15802.0	22505.0	23749.0	24487.0	25762.0	26617.0	29073.0	28949.0	31953.0	30651.0	32294.0	32082.0	35059.0	35589.0	38260.0	40010.0	49944.0	972082.0	830698.0
	22	27	32	37	42	47	52	57	62	67	72	77	82	87	92	97	102	107	112	117	122	127	130
41299_44963_PO3_NC3_O1_1_val_1	681.0	1457.0	5995.0	7126.0	18560.0	29520.0	33466.0	35250.0	38620.0	39985.0	44263.0	45519.0	49321.0	51127.0	56020.0	57497.0	62802.0	64998.0	71272.0	73449.0	83609.0	1993675.0	2001882.0
	22	27	32	37	42	47	52	57	62	67	72	77	82	87	92	97	102	107	112	117	120
41299_44963_PO3_NC3_O1_2_val_2	3879.0	4171.0	16088.0	30416.0	34449.0	36290.0	39536.0	40926.0	45206.0	46369.0	50313.0	52002.0	57090.0	58699.0	63974.0	66215.0	72729.0	75954.0	100641.0	2060814.0	1910333.0
	22	27	32	37	42	47	52	57	62	67	72	77	82	87	92	97	102	107	112	117	122	127	130
41299_44963_SO1_NC1_P1_1_val_1	350.0	1026.0	5153.0	6085.0	15818.0	26666.0	30736.0	32109.0	35654.0	37454.0	41530.0	42952.0	47913.0	49668.0	55481.0	56947.0	63767.0	65683.0	72185.0	76028.0	85623.0	2203439.0	2237263.0
	22	27	32	37	42	47	52	57	62	67	72	77	82	87	92	97	102	107	112	117	120
41299_44963_SO1_NC1_P1_2_val_2	2721.0	2701.0	12910.0	26675.0	31100.0	32435.0	35945.0	37786.0	41889.0	43203.0	48263.0	49998.0	55794.0	57335.0	64346.0	66212.0	72954.0	77477.0	98269.0	2283778.0	2147739.0
	22	27	32	37	42	47	52	57	62	67	72	77	82	87	92	97	102	107	112	117	122	127	130
41299_44963_SO2_NC1_A2_1_val_1	167.0	326.0	1501.0	1662.0	3759.0	6237.0	7142.0	7679.0	8503.0	9062.0	10032.0	10375.0	11648.0	12011.0	13619.0	14148.0	15617.0	16285.0	18402.0	19549.0	22795.0	827730.0	826909.0
	22	27	32	37	42	47	52	57	62	67	72	77	82	87	92	97	102	107	112	117	120
41299_44963_SO2_NC1_A2_2_val_2	1320.0	1391.0	3433.0	6595.0	7548.0	8015.0	8795.0	9391.0	10332.0	10691.0	12021.0	12387.0	13939.0	14571.0	16070.0	16765.0	19002.0	20530.0	29269.0	860511.0	782582.0
	22	27	32	37	42	47	52	57	62	67	72	77	82	87	92	97	102	107	112	117	122	127	130
41299_44963_SO3_NC1_B2_1_val_1	119.0	201.0	784.0	853.0	2196.0	3526.0	4006.0	4234.0	4788.0	5034.0	5784.0	5971.0	6595.0	6883.0	7741.0	8041.0	9237.0	9545.0	10898.0	11412.0	13465.0	474415.0	480032.0
	22	27	32	37	42	47	52	57	62	67	72	77	82	87	92	97	102	107	112	117	120
41299_44963_SO3_NC1_B2_2_val_2	807.0	932.0	2013.0	3750.0	4283.0	4522.0	5021.0	5328.0	6140.0	6272.0	6778.0	7068.0	7954.0	8308.0	9518.0	9798.0	11228.0	12066.0	17436.0	499530.0	447008.0
	22	27	32	37	42	47	52	57	62	67	72	77	82	87	92	97	102	107	112	117	122	127	130
41299_45019_EO1_NC8_C1_1_val_1	720.0	247.0	671.0	873.0	2300.0	5132.0	2267.0	2013.0	2722.0	3205.0	2443.0	2873.0	3402.0	4026.0	3586.0	3135.0	3603.0	4038.0	3967.0	4146.0	4850.0	131302.0	130292.0
	22	27	32	37	42	47	52	57	62	67	72	77	82	87	92	97	102	107	112	117	120
41299_45019_EO1_NC8_C1_2_val_2	2387.0	6457.0	4828.0	2932.0	2803.0	3826.0	2922.0	2602.0	2823.0	2885.0	3106.0	2831.0	3022.0	3187.0	3515.0	3438.0	3861.0	4052.0	5289.0	132344.0	122703.0
	22	27	32	37	42	47	52	57	62	67	72	77	82	87	92	97	102	107	112	117	122	127	130
41299_45019_EO2_NC8_D2_1_val_1	1447.0	2908.0	12017.0	13815.0	31881.0	53608.0	61477.0	65873.0	74214.0	78124.0	87665.0	91572.0	103485.0	108001.0	122301.0	127338.0	142096.0	150167.0	168978.0	180480.0	209479.0	8892945.0	8896811.0
	22	27	32	37	42	47	52	57	62	67	72	77	82	87	92	97	102	107	112	117	120
41299_45019_EO2_NC8_D2_2_val_2	9725.0	10515.0	28496.0	56052.0	64823.0	68814.0	76908.0	80953.0	90506.0	94440.0	106741.0	111279.0	125423.0	131189.0	146641.0	154573.0	174101.0	190377.0	274547.0	9281728.0	8398851.0
	22	27	32	37	42	47	52	57	62	67	72	77	82	87	92	97	102	107	112	117	122	127	130
41299_45019_EO3_NC8_E2_1_val_1	2112.0	4518.0	17772.0	20348.0	52321.0	84181.0	94003.0	98073.0	108928.0	113311.0	129099.0	131540.0	149434.0	153562.0	175319.0	179336.0	205885.0	210999.0	240338.0	250722.0	291966.0	11516877.0	11596784.0
	22	27	32	37	42	47	52	57	62	67	72	77	82	87	92	97	102	107	112	117	120
41299_45019_EO3_NC8_E2_2_val_2	12010.0	12534.0	46389.0	87884.0	98463.0	102367.0	112972.0	117903.0	133629.0	135934.0	154042.0	158601.0	180212.0	185463.0	212783.0	217834.0	247793.0	264370.0	378677.0	11964758.0	11002810.0
	22	27	32	37	42	47	52	57	62	67	72	77	82	87	92	97	102	107	112	117	122	127	130
41299_45019_EO4_NC8_F2_1_val_1	1661.0	4427.0	22037.0	25235.0	60751.0	97195.0	109013.0	114719.0	124934.0	128750.0	143872.0	145788.0	161772.0	165766.0	185578.0	188800.0	209999.0	217149.0	242698.0	253487.0	287348.0	9041137.0	9115081.0
	22	27	32	37	42	47	52	57	62	67	72	77	82	87	92	97	102	107	112	117	120
41299_45019_EO4_NC8_F2_2_val_2	13298.0	13133.0	51758.0	99312.0	112219.0	117497.0	127457.0	131516.0	146388.0	148365.0	164520.0	168536.0	188286.0	192298.0	214002.0	221248.0	247178.0	261822.0	348674.0	9481435.0	8598255.0
	22	27	32	37	42	47	52	57	62	67	72	77	82	87	92	97	102	107	112	117	122	127	130
41299_45019_EO5_NC8_G2_1_val_1	1537.0	3696.0	15737.0	18538.0	49155.0	79988.0	91808.0	97707.0	107691.0	111932.0	125353.0	129330.0	142647.0	146680.0	164487.0	168256.0	186491.0	193187.0	216005.0	226075.0	256037.0	7682855.0	7693979.0
	22	27	32	37	42	47	52	57	62	67	72	77	82	87	92	97	102	107	112	117	120
41299_45019_EO5_NC8_G2_2_val_2	10201.0	10491.0	41981.0	81505.0	94195.0	99832.0	109522.0	114022.0	127377.0	131390.0	144751.0	148923.0	166705.0	170974.0	189753.0	196241.0	219614.0	232895.0	307481.0	7957808.0	7353510.0
	22	27	32	37	42	47	52	57	62	67	72	77	82	87	92	97	102	107	112	117	122	127	130
41299_45019_EO6_NC8_H2_1_val_1	677.0	1637.0	7732.0	9001.0	20867.0	33592.0	38350.0	40934.0	45405.0	47009.0	51588.0	53557.0	59342.0	60349.0	67484.0	69719.0	76826.0	79312.0	87905.0	92423.0	104933.0	3108495.0	3116713.0
	22	27	32	37	42	47	52	57	62	67	72	77	82	87	92	97	102	107	112	117	120
41299_45019_EO6_NC8_H2_2_val_2	5257.0	5710.0	17688.0	34236.0	39373.0	41777.0	46112.0	47810.0	52407.0	54266.0	60099.0	61221.0	68421.0	70729.0	78086.0	80619.0	89269.0	94989.0	125888.0	3223880.0	2976013.0
	22	27	32	37	42	47	52	57	62	67	72	77	82	87	92	97	102	107	112	117	122	127	130
41299_45019_EO7_NC8_I2_1_val_1	48.0	114.0	579.0	620.0	1398.0	2221.0	2398.0	2564.0	2790.0	2910.0	3262.0	3340.0	3790.0	3998.0	4429.0	4557.0	5045.0	5238.0	5917.0	6252.0	7023.0	236903.0	242146.0
	22	27	32	37	42	47	52	57	62	67	72	77	82	87	92	97	102	107	112	117	120
41299_45019_EO7_NC8_I2_2_val_2	425.0	541.0	1239.0	2180.0	2444.0	2625.0	2845.0	2952.0	3330.0	3404.0	3846.0	3993.0	4477.0	4633.0	5148.0	5349.0	6004.0	6459.0	8466.0	250853.0	226329.0
	22	27	32	37	42	47	52	57	62	67	72	77	82	87	92	97	102	107	112	117	122	127	130
41299_45019_EO8_NC8_J2_1_val_1	1126.0	2792.0	13476.0	15190.0	37965.0	63257.0	71968.0	76398.0	84654.0	88451.0	98127.0	101637.0	112623.0	116465.0	128935.0	132820.0	147215.0	152567.0	171573.0	179867.0	204100.0	6652815.0	6582970.0
	22	27	32	37	42	47	52	57	62	67	72	77	82	87	92	97	102	107	112	117	120
41299_45019_EO8_NC8_J2_2_val_2	8637.0	8794.0	32811.0	64834.0	74107.0	78411.0	86210.0	90283.0	100006.0	103460.0	114559.0	118633.0	131058.0	135372.0	150271.0	155605.0	174983.0	186449.0	249650.0	6886308.0	6286550.0
	22	27	32	37	42	47	52	57	62	67	72	77	82	87	92	97	102	107	112	117	122	127	130
41391_44650_PO1_NC4_F3_1_val_1	1777.0	4661.0	15089.0	17336.0	43731.0	73919.0	82600.0	84478.0	89728.0	91286.0	99349.0	98763.0	106885.0	106012.0	114777.0	115324.0	124599.0	124097.0	133353.0	135378.0	151522.0	5199615.0	5163108.0
	22	27	32	37	42	47	52	57	62	67	72	77	82	87	92	97	102	107	112	117	120
41391_44650_PO1_NC4_F3_2_val_2	7535.0	7863.0	35255.0	74842.0	84398.0	85934.0	91141.0	92620.0	100879.0	100321.0	108457.0	107878.0	116905.0	118052.0	127783.0	127114.0	136817.0	141962.0	193025.0	5367422.0	4951184.0
	22	27	32	37	42	47	52	57	62	67	72	77	82	87	92	97	102	107	112	117	122	127	130
41391_44650_PO2_NC4_G3_1_val_1	2302.0	7111.0	30802.0	34676.0	64869.0	109286.0	119206.0	120240.0	126317.0	125518.0	133756.0	131929.0	141618.0	138585.0	147081.0	146837.0	157811.0	155867.0	167767.0	171356.0	190352.0	5534747.0	5512015.0
	22	27	32	37	42	47	52	57	62	67	72	77	82	87	92	97	102	107	112	117	120
41391_44650_PO2_NC4_G3_2_val_2	17494.0	18057.0	49236.0	107403.0	119519.0	120568.0	126130.0	125196.0	133975.0	132457.0	142028.0	138939.0	147823.0	148165.0	159705.0	157926.0	170425.0	176802.0	230443.0	5786685.0	5261072.0
	22	27	32	37	42	47	52	57	62	67	72	77	82	87	92	97	102	107	112	117	122	127	130
41391_44650_PO3_NC3_E3_1_val_1	3472.0	10476.0	31518.0	35876.0	106289.0	185520.0	206459.0	213253.0	230304.0	232975.0	253908.0	252713.0	274056.0	272087.0	295354.0	295967.0	323735.0	319206.0	349724.0	351492.0	391839.0	11276840.0	11268444.0
	22	27	32	37	42	47	52	57	62	67	72	77	82	87	92	97	102	107	112	117	120
41391_44650_PO3_NC3_E3_2_val_2	12957.0	12905.0	82724.0	184406.0	208166.0	214400.0	230987.0	233670.0	254891.0	253898.0	275225.0	273383.0	297220.0	298861.0	327271.0	323082.0	354553.0	361217.0	463759.0	11688715.0	10829217.0
	22	27	32	37	42	47	52	57	62	67	72	77	82	87	92	97	102	107	112	117	122	127	130
41391_44650_SO1_NC1_B3_1_val_1	125.0	226.0	823.0	1374.0	2206.0	3364.0	3506.0	3425.0	3810.0	3828.0	4197.0	4488.0	4840.0	4932.0	5307.0	5364.0	5862.0	6075.0	6464.0	6750.0	7569.0	211407.0	211054.0
	22	27	32	37	42	47	52	57	62	67	72	77	82	87	92	97	102	107	112	117	120
41391_44650_SO1_NC1_B3_2_val_2	904.0	780.0	1841.0	3106.0	3563.0	3569.0	3917.0	4199.0	4585.0	4480.0	4837.0	5018.0	5258.0	5377.0	5928.0	6153.0	6601.0	6904.0	8930.0	219400.0	201646.0
	22	27	32	37	42	47	52	57	62	67	72	77	82	87	92	97	102	107	112	117	122	127	130
41391_44650_SO2_NC1_C4_1_val_1	1255.0	3352.0	14038.0	15866.0	35226.0	58371.0	64681.0	65621.0	70494.0	71047.0	76857.0	76459.0	82053.0	82055.0	87942.0	88312.0	95065.0	95284.0	102459.0	104671.0	117360.0	3555885.0	3601200.0
	22	27	32	37	42	47	52	57	62	67	72	77	82	87	92	97	102	107	112	117	120
41391_44650_SO2_NC1_C4_2_val_2	7380.0	7676.0	27999.0	58325.0	65494.0	66396.0	71101.0	71688.0	77530.0	77208.0	82817.0	83010.0	89131.0	89788.0	96829.0	97194.0	104755.0	108762.0	144402.0	3740102.0	3397966.0
	22	27	32	37	42	47	52	57	62	67	72	77	82	87	92	97	102	107	112	117	122	127	130
41391_44650_SO3_NC1_D3_1_val_1	684.0	2016.0	8698.0	9698.0	24097.0	39438.0	43601.0	44353.0	47793.0	47197.0	51265.0	50699.0	54738.0	54059.0	57948.0	57966.0	61868.0	61778.0	66746.0	67133.0	73560.0	1969151.0	1990185.0
	22	27	32	37	42	47	52	57	62	67	72	77	82	87	92	97	102	107	112	117	120
41391_44650_SO3_NC1_D3_2_val_2	3684.0	3529.0	19336.0	39356.0	43972.0	44617.0	48112.0	47448.0	51611.0	51198.0	55087.0	54482.0	58493.0	58685.0	62790.0	62644.0	67845.0	69101.0	86915.0	2082344.0	1873422.0
	22	27	32	37	42	47	52	57	62	67	72	77	82	87	92	97	102	107	112	117	122	127	130
41391_44923_PO1_NC3_H3_1_val_1	5917.0	16985.0	61754.0	67512.0	182111.0	294112.0	323498.0	328298.0	350575.0	351205.0	382314.0	379179.0	409815.0	405476.0	441748.0	433114.0	471378.0	465099.0	506892.0	509710.0	563858.0	17990333.0	18069466.0
	22	27	32	37	42	47	52	57	62	67	72	77	82	87	92	97	102	107	112	117	120
41391_44923_PO1_NC3_H3_2_val_2	25147.0	24631.0	147669.0	296484.0	329810.0	334123.0	355482.0	356791.0	388637.0	385629.0	416369.0	412617.0	449943.0	443184.0	483557.0	477075.0	520754.0	534503.0	709141.0	18555785.0	17363018.0
	22	27	32	37	42	47	52	57	62	67	72	77	82	87	92	97	102	107	112	117	122	127	130
41391_44923_PO2_NC3_I3_1_val_1	3033.0	10110.0	40966.0	44984.0	97988.0	160701.0	175530.0	176369.0	185977.0	183902.0	197034.0	195539.0	206973.0	202088.0	214899.0	213817.0	230817.0	227392.0	243616.0	247109.0	275196.0	7442320.0	7480100.0
	22	27	32	37	42	47	52	57	62	67	72	77	82	87	92	97	102	107	112	117	120
41391_44923_PO2_NC3_I3_2_val_2	19455.0	20083.0	77120.0	159668.0	177121.0	177677.0	186827.0	184829.0	198592.0	196933.0	208132.0	203409.0	217063.0	216533.0	234289.0	230772.0	247783.0	255070.0	328338.0	7822327.0	7094439.0
	22	27	32	37	42	47	52	57	62	67	72	77	82	87	92	97	102	107	112	117	122	127	130
41391_44923_PO3_NC5_J3_1_val_1	1047.0	3006.0	9192.0	9793.0	27268.0	45093.0	49234.0	49124.0	52048.0	52547.0	56182.0	55488.0	59701.0	58234.0	63257.0	62132.0	66903.0	65486.0	69892.0	70889.0	78498.0	2004055.0	2014767.0
	22	27	32	37	42	47	52	57	62	67	72	77	82	87	92	97	102	107	112	117	120
41391_44923_PO3_NC5_J3_2_val_2	3819.0	3800.0	21841.0	45059.0	49868.0	49763.0	52665.0	53095.0	56744.0	56073.0	60349.0	58808.0	64030.0	63272.0	68164.0	66966.0	71474.0	74030.0	95642.0	2107875.0	1900499.0
	22	27	32	37	42	47	52	57	62	67	72	77	82	87	92	97	102	107	112	117	122	127	130
41391_44923_PO4_NC4_K3_1_val_1	868.0	2568.0	8765.0	9422.0	24658.0	41674.0	45587.0	45758.0	48467.0	47952.0	51638.0	50588.0	54262.0	53219.0	56261.0	56112.0	60440.0	59210.0	63570.0	63840.0	70197.0	1627345.0	1604820.0
	22	27	32	37	42	47	52	57	62	67	72	77	82	87	92	97	102	107	112	117	120
41391_44923_PO4_NC4_K3_2_val_2	3597.0	3431.0	19475.0	41354.0	45901.0	45982.0	48596.0	48244.0	51928.0	50704.0	54490.0	53424.0	56616.0	56769.0	61112.0	59945.0	64473.0	65560.0	81664.0	1712144.0	1521812.0
	22	27	32	37	42	47	52	57	62	67	72	77	82	87	92	97	102	107	112	117	122	127	130
41391_44923_SO1_NC1_O2_1_val_1	293.0	633.0	2555.0	3058.0	6633.0	10815.0	12124.0	12730.0	13974.0	14522.0	16417.0	16555.0	18542.0	19203.0	21327.0	21988.0	24430.0	25352.0	28269.0	29624.0	33552.0	1030434.0	1023996.0
	22	27	32	37	42	47	52	57	62	67	72	77	82	87	92	97	102	107	112	117	120
41391_44923_SO1_NC1_O2_2_val_2	2116.0	2267.0	5999.0	11222.0	12700.0	13261.0	14486.0	15066.0	16936.0	16942.0	18986.0	19767.0	21822.0	22556.0	25043.0	25950.0	29011.0	30862.0	41682.0	1060839.0	979513.0
	22	27	32	37	42	47	52	57	62	67	72	77	82	87	92	97	102	107	112	117	122	127	130
41391_44923_SO2_NC1_P2_1_val_1	262.0	496.0	2240.0	2527.0	6715.0	10965.0	12643.0	13365.0	15201.0	15591.0	17523.0	17894.0	20017.0	20697.0	22997.0	24085.0	26719.0	27167.0	30595.0	31946.0	36665.0	1026682.0	1026206.0
	22	27	32	37	42	47	52	57	62	67	72	77	82	87	92	97	102	107	112	117	120
41391_44923_SO2_NC1_P2_2_val_2	1665.0	1815.0	5857.0	11284.0	13071.0	13811.0	15565.0	16039.0	17914.0	18253.0	20426.0	21062.0	23334.0	24491.0	27229.0	27658.0	31155.0	32985.0	44012.0	1081176.0	960396.0
	22	27	32	37	42	47	52	57	62	67	72	77	82	87	92	97	102	107	112	117	122	127	130
41391_44923_SO3_NC1_A3_1_val_1	20.0	49.0	185.0	192.0	589.0	808.0	715.0	673.0	674.0	669.0	766.0	737.0	821.0	792.0	825.0	765.0	862.0	872.0	960.0	928.0	962.0	27218.0	27060.0
	22	27	32	37	42	47	52	57	62	67	72	77	82	87	92	97	102	107	112	117	120
41391_44923_SO3_NC1_A3_2_val_2	215.0	313.0	487.0	686.0	739.0	696.0	668.0	673.0	783.0	755.0	811.0	761.0	810.0	776.0	874.0	889.0	974.0	958.0	1170.0	28258.0	25846.0
	22	27	32	37	42	47	52	57	62	67	72	77	82	87	92	97	102	107	112	117	122	127	130
41460_44643_PO1_NC5_O3_1_val_1	2551.0	7472.0	25737.0	26771.0	73421.0	120541.0	131885.0	133887.0	142450.0	142634.0	155637.0	153862.0	166059.0	163955.0	176906.0	175248.0	191360.0	188682.0	203836.0	206405.0	229065.0	6197409.0	6267000.0
	22	27	32	37	42	47	52	57	62	67	72	77	82	87	92	97	102	107	112	117	120
41460_44643_PO1_NC5_O3_2_val_2	9298.0	9015.0	57851.0	120011.0	133065.0	134876.0	143135.0	143371.0	156664.0	154930.0	167175.0	165126.0	178360.0	177318.0	194032.0	191448.0	207159.0	212684.0	271633.0	6519787.0	5935835.0
	22	27	32	37	42	47	52	57	62	67	72	77	82	87	92	97	102	107	112	117	122	127	130
41460_44643_PO2_NC5_P3_1_val_1	4642.0	14757.0	52304.0	54567.0	142067.0	230982.0	244251.0	241939.0	253138.0	249100.0	265023.0	258096.0	271795.0	264074.0	279154.0	274496.0	291843.0	285006.0	303113.0	300744.0	330724.0	7007427.0	7015862.0
	22	27	32	37	42	47	52	57	62	67	72	77	82	87	92	97	102	107	112	117	120
41460_44643_PO2_NC5_P3_2_val_2	17630.0	15591.0	111304.0	228495.0	245298.0	242492.0	253420.0	249389.0	265632.0	259251.0	272733.0	265021.0	281180.0	277106.0	295434.0	288653.0	307430.0	308805.0	382690.0	7330505.0	6737045.0
	22	27	32	37	42	47	52	57	62	67	72	77	82	87	92	97	102	107	112	117	122	127	130
41460_44643_PO3_NC5_A4_1_val_1	1596.0	4249.0	16834.0	18934.0	48426.0	78605.0	86670.0	88743.0	94071.0	94938.0	102765.0	102774.0	110253.0	109981.0	118124.0	117853.0	127145.0	126576.0	137130.0	140078.0	157205.0	4808612.0	4889166.0
	22	27	32	37	42	47	52	57	62	67	72	77	82	87	92	97	102	107	112	117	120
41460_44643_PO3_NC5_A4_2_val_2	8658.0	8802.0	40179.0	79275.0	88138.0	90094.0	95264.0	96148.0	104122.0	104163.0	111603.0	111263.0	119794.0	120050.0	129676.0	129256.0	140154.0	145708.0	192947.0	5122369.0	4543065.0
	22	27	32	37	42	47	52	57	62	67	72	77	82	87	92	97	102	107	112	117	122	127	130
41460_44643_SO1_NC1_L3_1_val_1	330.0	1104.0	4257.0	4422.0	10801.0	16601.0	17575.0	17668.0	18192.0	17953.0	19332.0	18804.0	19748.0	19205.0	20486.0	19785.0	21378.0	21051.0	22146.0	21986.0	24109.0	518535.0	523394.0
	22	27	32	37	42	47	52	57	62	67	72	77	82	87	92	97	102	107	112	117	120
41460_44643_SO1_NC1_L3_2_val_2	1654.0	1656.0	8429.0	16432.0	17670.0	17712.0	18212.0	17948.0	19421.0	18958.0	19803.0	19259.0	20646.0	19981.0	21661.0	21314.0	22480.0	22566.0	27646.0	556465.0	488949.0
	22	27	32	37	42	47	52	57	62	67	72	77	82	87	92	97	102	107	112	117	122	127	130
41460_44643_SO2_NC1_M3_1_val_1	1603.0	5710.0	23313.0	24839.0	53039.0	88116.0	90952.0	89215.0	92280.0	90658.0	95837.0	91808.0	97235.0	93455.0	99818.0	95932.0	103114.0	98379.0	104812.0	104332.0	113840.0	2245157.0	2231310.0
	22	27	32	37	42	47	52	57	62	67	72	77	82	87	92	97	102	107	112	117	120
41460_44643_SO2_NC1_M3_2_val_2	9708.0	11138.0	43714.0	84444.0	90762.0	89554.0	92407.0	91154.0	96871.0	92289.0	98376.0	93407.0	98844.0	96830.0	104344.0	99580.0	106295.0	106663.0	129876.0	2367463.0	2131035.0
	22	27	32	37	42	47	52	57	62	67	72	77	82	87	92	97	102	107	112	117	122	127	130
41460_44643_SO3_NC1_N3_1_val_1	1171.0	3651.0	13657.0	14202.0	35992.0	58740.0	62750.0	62782.0	65997.0	65723.0	70611.0	69329.0	74115.0	72379.0	77819.0	76767.0	82632.0	80982.0	87512.0	88536.0	96902.0	2561843.0	2570469.0
	22	27	32	37	42	47	52	57	62	67	72	77	82	87	92	97	102	107	112	117	120
41460_44643_SO3_NC1_N3_2_val_2	5013.0	4703.0	28260.0	58222.0	63146.0	63226.0	66271.0	65877.0	71049.0	69801.0	74535.0	72875.0	78480.0	77748.0	83756.0	82142.0	88953.0	91324.0	115136.0	2689858.0	2444186.0
	22	27	32	37	42	47	52	57	62	67	72	77	82	87	92	97	102	107	112	117	122	127	130
41460_45001_PO1_NC5_E4_1_val_1	1667.0	5168.0	26244.0	29598.0	54675.0	89069.0	98738.0	101501.0	107539.0	108394.0	116133.0	114884.0	123082.0	122918.0	131920.0	131859.0	141846.0	140313.0	153026.0	155676.0	174052.0	4962775.0	4953169.0
	22	27	32	37	42	47	52	57	62	67	72	77	82	87	92	97	102	107	112	117	120
41460_45001_PO1_NC5_E4_2_val_2	15941.0	16112.0	43832.0	88918.0	100258.0	102553.0	108213.0	109297.0	117332.0	116148.0	124122.0	124004.0	133134.0	133532.0	144194.0	142721.0	155574.0	160452.0	208496.0	5266954.0	4632459.0
	22	27	32	37	42	47	52	57	62	67	72	77	82	87	92	97	102	107	112	117	122	127	130
41460_45001_PO2_NC3_F4_1_val_1	408.0	1077.0	4398.0	5077.0	10518.0	17057.0	18673.0	18755.0	20416.0	20168.0	21584.0	21658.0	23506.0	23360.0	24961.0	25066.0	26772.0	26630.0	28803.0	29602.0	32678.0	1059758.0	1069347.0
	22	27	32	37	42	47	52	57	62	67	72	77	82	87	92	97	102	107	112	117	120
41460_45001_PO2_NC3_F4_2_val_2	2789.0	2854.0	8721.0	17347.0	19174.0	19262.0	20786.0	20620.0	22081.0	22152.0	23925.0	23778.0	25431.0	25680.0	27417.0	27419.0	29681.0	31202.0	41287.0	1118219.0	1000447.0
	22	27	32	37	42	47	52	57	62	67	72	77	82	87	92	97	102	107	112	117	122	127	130
41460_45001_PO3_NC4_G4_1_val_1	433.0	1379.0	5393.0	5632.0	13498.0	21019.0	21962.0	21885.0	22485.0	22433.0	23879.0	23768.0	24491.0	24199.0	25623.0	25481.0	26861.0	26609.0	28269.0	28726.0	31861.0	904129.0	913000.0
	22	27	32	37	42	47	52	57	62	67	72	77	82	87	92	97	102	107	112	117	120
41460_45001_PO3_NC4_G4_2_val_2	2237.0	2054.0	10897.0	20892.0	22112.0	22075.0	22629.0	22541.0	24154.0	23948.0	24632.0	24369.0	25924.0	25937.0	27379.0	27066.0	28987.0	29852.0	38515.0	963604.0	853211.0
	22	27	32	37	42	47	52	57	62	67	72	77	82	87	92	97	102	107	112	117	122	127	130
41460_45001_SO1_NC1_B4_1_val_1	695.0	1895.0	7508.0	9384.0	20690.0	34427.0	37826.0	38916.0	41455.0	41939.0	45290.0	45743.0	49176.0	48182.0	51890.0	51950.0	55991.0	55938.0	60426.0	61479.0	68013.0	1926179.0	1924960.0
	22	27	32	37	42	47	52	57	62	67	72	77	82	87	92	97	102	107	112	117	120
41460_45001_SO1_NC1_B4_2_val_2	4711.0	4695.0	16869.0	34106.0	38224.0	39452.0	41835.0	42607.0	46182.0	46026.0	49460.0	48449.0	52251.0	52684.0	56844.0	56876.0	61453.0	63400.0	81401.0	2015616.0	1826811.0
	22	27	32	37	42	47	52	57	62	67	72	77	82	87	92	97	102	107	112	117	122	127	130
41460_45001_SO2_NC1_C3_1_val_1	1300.0	3344.0	12068.0	12944.0	29631.0	59905.0	53103.0	52054.0	56451.0	57389.0	60949.0	61139.0	66279.0	69716.0	75539.0	68545.0	72928.0	73166.0	78184.0	79524.0	88627.0	2336978.0	2294370.0
	22	27	32	37	42	47	52	57	62	67	72	77	82	87	92	97	102	107	112	117	120
41460_45001_SO2_NC1_C3_2_val_2	9039.0	20074.0	40459.0	51605.0	53731.0	54707.0	58112.0	58673.0	62733.0	63494.0	73976.0	69423.0	69394.0	68877.0	73955.0	73645.0	79127.0	81096.0	103586.0	2443889.0	2154538.0
	22	27	32	37	42	47	52	57	62	67	72	77	82	87	92	97	102	107	112	117	122	127	130
41460_45001_SO3_NC1_D4_1_val_1	217.0	587.0	2323.0	2543.0	5942.0	10119.0	10760.0	11149.0	11682.0	11839.0	13099.0	12991.0	13949.0	14018.0	15038.0	14927.0	16200.0	16347.0	17738.0	18121.0	20025.0	684813.0	685052.0
	22	27	32	37	42	47	52	57	62	67	72	77	82	87	92	97	102	107	112	117	120
41460_45001_SO3_NC1_D4_2_val_2	1308.0	1371.0	5026.0	10115.0	10998.0	11352.0	11861.0	11968.0	13344.0	13222.0	14211.0	14201.0	15226.0	15193.0	16605.0	16704.0	18185.0	18933.0	25011.0	723859.0	640786.0
	22	27	32	37	42	47	52	57	62	67	72	77	82	87	92	97	102	107	112	117	122	127	130
42111_44957_PO1_NC3_K4_1_val_1	835.0	2544.0	9418.0	9659.0	24458.0	38751.0	41713.0	41216.0	42549.0	41245.0	43692.0	42363.0	44248.0	43400.0	45179.0	44538.0	46850.0	46263.0	49093.0	48303.0	52664.0	1209263.0	1208190.0
	22	27	32	37	42	47	52	57	62	67	72	77	82	87	92	97	102	107	112	117	120
42111_44957_PO1_NC3_K4_2_val_2	4077.0	3717.0	19224.0	38534.0	42054.0	41544.0	42908.0	41534.0	44118.0	42645.0	44625.0	43746.0	45623.0	45208.0	47630.0	47027.0	50087.0	50044.0	62072.0	1282287.0	1137730.0
	22	27	32	37	42	47	52	57	62	67	72	77	82	87	92	97	102	107	112	117	122	127	130
42111_44957_PO2_NC3_L4_1_val_1	1745.0	5200.0	18302.0	19540.0	49436.0	78487.0	85938.0	87140.0	92185.0	91795.0	98520.0	97371.0	104068.0	102287.0	109564.0	108203.0	117270.0	115834.0	124569.0	125627.0	138044.0	3714111.0	3667303.0
	22	27	32	37	42	47	52	57	62	67	72	77	82	87	92	97	102	107	112	117	120
42111_44957_PO2_NC3_L4_2_val_2	7906.0	7743.0	39265.0	78626.0	87178.0	88088.0	92761.0	92583.0	99603.0	98317.0	104996.0	103277.0	110630.0	109779.0	119105.0	117641.0	126674.0	129536.0	164820.0	3865968.0	3508043.0
	22	27	32	37	42	47	52	57	62	67	72	77	82	87	92	97	102	107	112	117	122	127	130
42111_44957_SO1_NC1_H4_1_val_1	547.0	1543.0	4632.0	4903.0	12981.0	20877.0	22551.0	22398.0	23498.0	22908.0	24339.0	24059.0	25475.0	24718.0	26295.0	25987.0	27671.0	27036.0	28880.0	29346.0	32244.0	781737.0	791655.0
	22	27	32	37	42	47	52	57	62	67	72	77	82	87	92	97	102	107	112	117	120
42111_44957_SO1_NC1_H4_2_val_2	1900.0	1904.0	10304.0	20631.0	22690.0	22468.0	23491.0	22924.0	24453.0	24272.0	25625.0	24875.0	26462.0	26248.0	28096.0	27338.0	29329.0	30248.0	38303.0	839031.0	735688.0
	22	27	32	37	42	47	52	57	62	67	72	77	82	87	92	97	102	107	112	117	122	127	130
42111_44957_SO2_NC1_B5_1_val_1	431.0	940.0	4157.0	4616.0	10761.0	18033.0	19716.0	20721.0	23070.0	24209.0	27384.0	28332.0	31484.0	32839.0	37679.0	39362.0	44430.0	46320.0	51428.0	53407.0	61483.0	2114580.0	2131658.0
	22	27	32	37	42	47	52	57	62	67	72	77	82	87	92	97	102	107	112	117	120
42111_44957_SO2_NC1_B5_2_val_2	2776.0	2770.0	9097.0	18213.0	20328.0	21220.0	23346.0	24612.0	27771.0	28620.0	31881.0	33023.0	37703.0	39842.0	45109.0	46725.0	52108.0	54783.0	73103.0	2234615.0	1999395.0
	22	27	32	37	42	47	52	57	62	67	72	77	82	87	92	97	102	107	112	117	122	127	130
42111_44957_SO3_NC1_J4_1_val_1	615.0	1874.0	7064.0	7617.0	20238.0	31821.0	33968.0	34317.0	35674.0	35079.0	37317.0	36891.0	38675.0	37782.0	41003.0	40167.0	42568.0	42075.0	44597.0	44893.0	48037.0	1242863.0	1243073.0
	22	27	32	37	42	47	52	57	62	67	72	77	82	87	92	97	102	107	112	117	120
42111_44957_SO3_NC1_J4_2_val_2	2924.0	2765.0	16385.0	31799.0	34360.0	34629.0	35926.0	35338.0	37725.0	37225.0	39087.0	38161.0	41600.0	40914.0	43430.0	42815.0	45474.0	46613.0	57914.0	1295323.0	1187801.0
	22	27	32	37	42	47	52	57	62	67	72	77	82	87	92	97	102	107	112	117	122	127	130
42111_45019_EOo_NC8_M4_1_val_1	1168.0	3824.0	15224.0	16010.0	39480.0	62429.0	65974.0	64953.0	67477.0	66283.0	69818.0	68308.0	71298.0	69262.0	73156.0	71285.0	75811.0	73639.0	78384.0	77809.0	82550.0	1822939.0	1845336.0
	22	27	32	37	42	47	52	57	62	67	72	77	82	87	92	97	102	107	112	117	120
42111_45019_EOo_NC8_M4_2_val_2	6010.0	5443.0	31548.0	61956.0	66309.0	65260.0	67697.0	66565.0	70375.0	68834.0	71648.0	69677.0	73880.0	72333.0	76965.0	74835.0	79672.0	80065.0	96347.0	1974698.0	1702300.0
	22	27	32	37	42	47	52	57	62	67	72	77	82	87	92	97	102	107	112	117	122	127	130
42473_44998_PO1_NC2_I4_1_val_1	284.0	822.0	2661.0	2952.0	6903.0	10827.0	11494.0	11557.0	11858.0	11914.0	12273.0	12335.0	13175.0	12702.0	13535.0	13354.0	14273.0	13889.0	14741.0	14917.0	16623.0	405599.0	407120.0
	22	27	32	37	42	47	52	57	62	67	72	77	82	87	92	97	102	107	112	117	120
42473_44998_PO1_NC2_I4_2_val_2	1579.0	1690.0	5490.0	10877.0	11738.0	11751.0	11963.0	12062.0	12502.0	12615.0	13320.0	12834.0	13701.0	13664.0	14619.0	14249.0	15194.0	15697.0	20684.0	433608.0	375971.0
	22	27	32	37	42	47	52	57	62	67	72	77	82	87	92	97	102	107	112	117	122	127	130
42473_44998_SO1_NC1_P4_1_val_1	67.0	187.0	608.0	847.0	1886.0	2944.0	2322.0	2342.0	2382.0	2423.0	2585.0	2580.0	3005.0	2959.0	2964.0	2742.0	2832.0	2783.0	2868.0	2996.0	3243.0	66802.0	69964.0
	22	27	32	37	42	47	52	57	62	67	72	77	82	87	92	97	102	107	112	117	120
42473_44998_SO1_NC1_P4_2_val_2	953.0	1525.0	1956.0	2390.0	2382.0	2418.0	2445.0	2555.0	2780.0	2710.0	2983.0	2684.0	2694.0	2752.0	2848.0	2784.0	2902.0	3040.0	3654.0	72025.0	63851.0
	22	27	32	37	42	47	52	57	62	67	72	77	82	87	92	97	102	107	112	117	122	127	130
42473_44998_SO2_NC1_A5_1_val_1	371.0	1055.0	4340.0	4849.0	11264.0	17884.0	19262.0	19987.0	21741.0	22507.0	24562.0	24923.0	27130.0	28137.0	31125.0	32723.0	35965.0	36747.0	39922.0	41564.0	47036.0	1279841.0	1291213.0
	22	27	32	37	42	47	52	57	62	67	72	77	82	87	92	97	102	107	112	117	120
42473_44998_SO2_NC1_A5_2_val_2	2859.0	3182.0	9649.0	17923.0	19667.0	20284.0	22014.0	22821.0	24833.0	25129.0	27380.0	28295.0	31305.0	33081.0	36393.0	37104.0	40408.0	42620.0	55050.0	1356718.0	1207433.0
	22	27	32	37	42	47	52	57	62	67	72	77	82	87	92	97	102	107	112	117	122	127	130
42473_45061_EO1_NC8_O4_1_val_1	417.0	1120.0	4478.0	4536.0	10360.0	16356.0	17708.0	17611.0	18437.0	18252.0	19175.0	18727.0	19907.0	19412.0	20368.0	20301.0	21511.0	21060.0	22325.0	22615.0	24644.0	567788.0	568430.0
	22	27	32	37	42	47	52	57	62	67	72	77	82	87	92	97	102	107	112	117	120
42473_45061_EO1_NC8_O4_2_val_2	2197.0	2103.0	8250.0	16279.0	17874.0	17722.0	18545.0	18370.0	19270.0	18913.0	19985.0	19458.0	20573.0	20496.0	21896.0	21411.0	22692.0	23371.0	29422.0	611732.0	524979.0
	22	27	32	37	42	47	52	57	62	67	72	77	82	87	92	97	102	107	112	117	122	127	130
42651_45042_PO1_NC3_E5_1_val_1	966.0	2305.0	11179.0	13150.0	29248.0	48062.0	54432.0	57490.0	64152.0	66333.0	74989.0	77138.0	85909.0	89576.0	102062.0	106027.0	118935.0	123447.0	135074.0	141798.0	161812.0	4749588.0	4810692.0
	22	27	32	37	42	47	52	57	62	67	72	77	82	87	92	97	102	107	112	117	120
42651_45042_PO1_NC3_E5_2_val_2	7514.0	7882.0	24969.0	48883.0	55746.0	58607.0	65044.0	67461.0	76055.0	78098.0	86778.0	90695.0	102998.0	107399.0	120677.0	124861.0	136976.0	145476.0	191434.0	5014046.0	4512765.0
	22	27	32	37	42	47	52	57	62	67	72	77	82	87	92	97	102	107	112	117	122	127	130
42651_45042_PO2_NC4_N4_1_val_1	2001.0	6543.0	34685.0	36188.0	67506.0	108912.0	116826.0	116001.0	120869.0	118185.0	125069.0	121544.0	128571.0	124133.0	130013.0	127765.0	136744.0	133120.0	141582.0	141739.0	155258.0	3298171.0	3249305.0
	22	27	32	37	42	47	52	57	62	67	72	77	82	87	92	97	102	107	112	117	120
42651_45042_PO2_NC4_N4_2_val_2	18792.0	17371.0	52538.0	107339.0	117037.0	115961.0	120812.0	117980.0	125427.0	122049.0	128780.0	124175.0	130703.0	129045.0	138214.0	134481.0	143286.0	144720.0	176969.0	3502796.0	3072255.0
	22	27	32	37	42	47	52	57	62	67	72	77	82	87	92	97	102	107	112	117	122	127	130
42651_45042_PO3_NC4_G5_1_val_1	779.0	1928.0	8206.0	9077.0	20038.0	29862.0	32389.0	32654.0	35054.0	36077.0	39604.0	40021.0	43576.0	44748.0	49864.0	51184.0	55891.0	57379.0	63104.0	65103.0	72487.0	2121648.0	2167539.0
	22	27	32	37	42	47	52	57	62	67	72	77	82	87	92	97	102	107	112	117	120
42651_45042_PO3_NC4_G5_2_val_2	4823.0	4765.0	17264.0	30398.0	33270.0	33437.0	35782.0	36945.0	40550.0	40747.0	44505.0	45589.0	50468.0	52176.0	57183.0	58514.0	64427.0	67613.0	89155.0	2252755.0	2017846.0
	22	27	32	37	42	47	52	57	62	67	72	77	82	87	92	97	102	107	112	117	122	127	130
42651_45042_SO1_NC1_C6_1_val_1	269.0	707.0	3658.0	4065.0	7637.0	12552.0	13834.0	14781.0	15797.0	16300.0	18210.0	18495.0	20705.0	21385.0	24212.0	24991.0	27619.0	28546.0	31211.0	32784.0	36822.0	1044411.0	1037271.0
	22	27	32	37	42	47	52	57	62	67	72	77	82	87	92	97	102	107	112	117	120
42651_45042_SO1_NC1_C6_2_val_2	2629.0	2802.0	6588.0	12388.0	14036.0	14923.0	15868.0	16355.0	18305.0	18587.0	20970.0	21435.0	24071.0	25126.0	27827.0	28729.0	31390.0	33257.0	42774.0	1107859.0	970343.0
	22	27	32	37	42	47	52	57	62	67	72	77	82	87	92	97	102	107	112	117	122	127	130
42651_45042_SO2_NC1_D5_1_val_1	125.0	295.0	1020.0	1211.0	2825.0	4507.0	5138.0	5584.0	6089.0	6545.0	7236.0	7596.0	8406.0	9047.0	10120.0	10585.0	11694.0	12352.0	13774.0	14313.0	16384.0	579423.0	590354.0
	22	27	32	37	42	47	52	57	62	67	72	77	82	87	92	97	102	107	112	117	120
42651_45042_SO2_NC1_D5_2_val_2	729.0	772.0	2495.0	4758.0	5389.0	5852.0	6249.0	6776.0	7441.0	7764.0	8626.0	9279.0	10278.0	10815.0	11991.0	12640.0	14062.0	15051.0	20628.0	607644.0	555384.0
	22	27	32	37	42	47	52	57	62	67	72	77	82	87	92	97	102	107	112	117	122	127	130
42651_45042_SO3_NC1_F5_1_val_1	2248.0	5915.0	31804.0	37022.0	68173.0	109988.0	126118.0	134981.0	148672.0	156239.0	175664.0	181132.0	202615.0	211173.0	240915.0	252059.0	284939.0	292212.0	327984.0	341806.0	391666.0	12479277.0	12617171.0
	22	27	32	37	42	47	52	57	62	67	72	77	82	87	92	97	102	107	112	117	120
42651_45042_SO3_NC1_F5_2_val_2	21939.0	23123.0	55536.0	111018.0	128739.0	136889.0	149644.0	157505.0	176764.0	181710.0	202941.0	211919.0	241914.0	254238.0	287658.0	294035.0	331078.0	348421.0	462987.0	13204348.0	11837367.0
	22	27	32	37	42	47	52	57	62	67	72	77	82	87	92	97	102	107	112	117	122	127	130
43028_44664_PO2_NC5_K5_1_val_1	3007.0	8401.0	37762.0	42392.0	118136.0	187162.0	207726.0	219013.0	239062.0	247526.0	275775.0	282508.0	312946.0	322960.0	364509.0	373441.0	415838.0	424892.0	470373.0	483478.0	541103.0	14107270.0	14154283.0
	22	27	32	37	42	47	52	57	62	67	72	77	82	87	92	97	102	107	112	117	120
43028_44664_PO2_NC5_K5_2_val_2	15828.0	15145.0	96463.0	187801.0	210463.0	221356.0	240721.0	249665.0	277959.0	284275.0	315056.0	325525.0	367020.0	377323.0	420799.0	429415.0	476081.0	494864.0	629026.0	14510505.0	13694273.0
	22	27	32	37	42	47	52	57	62	67	72	77	82	87	92	97	102	107	112	117	122	127	130
43028_44664_SO1_NC1_H5_1_val_1	1076.0	2895.0	12837.0	13899.0	36467.0	56922.0	62225.0	65171.0	71024.0	72606.0	79891.0	82635.0	91934.0	93941.0	105387.0	108031.0	120285.0	122983.0	135049.0	138708.0	154738.0	3943815.0	3952661.0
	22	27	32	37	42	47	52	57	62	67	72	77	82	87	92	97	102	107	112	117	120
43028_44664_SO1_NC1_H5_2_val_2	5701.0	5252.0	29901.0	57328.0	63204.0	65959.0	71563.0	73375.0	80662.0	83415.0	92600.0	94794.0	106316.0	109207.0	121765.0	124337.0	136763.0	141890.0	179612.0	4053222.0	3828314.0
	22	27	32	37	42	47	52	57	62	67	72	77	82	87	92	97	102	107	112	117	122	127	130
43028_44664_SO2_NC1_I5_1_val_1	522.0	1410.0	6496.0	7280.0	19058.0	29993.0	33847.0	35954.0	39034.0	40906.0	45789.0	47039.0	52658.0	55017.0	62177.0	64394.0	72061.0	74082.0	82399.0	84923.0	95808.0	2691277.0	2682700.0
	22	27	32	37	42	47	52	57	62	67	72	77	82	87	92	97	102	107	112	117	120
43028_44664_SO2_NC1_I5_2_val_2	3072.0	2951.0	15584.0	30474.0	34541.0	36468.0	39452.0	41374.0	46211.0	47565.0	52978.0	55550.0	62667.0	65179.0	73040.0	74968.0	83509.0	87259.0	112752.0	2780351.0	2578879.0
	22	27	32	37	42	47	52	57	62	67	72	77	82	87	92	97	102	107	112	117	122	127	130
43028_44664_SO3_NC1_J5_1_val_1	1589.0	4176.0	20086.0	22946.0	56786.0	90840.0	102116.0	107283.0	116272.0	120509.0	133177.0	137309.0	152227.0	158302.0	177475.0	182914.0	202381.0	207362.0	228482.0	235577.0	263623.0	7097497.0	7145896.0
	22	27	32	37	42	47	52	57	62	67	72	77	82	87	92	97	102	107	112	117	120
43028_44664_SO3_NC1_J5_2_val_2	10491.0	10150.0	46825.0	91317.0	103573.0	108491.0	117306.0	121513.0	134358.0	138397.0	153415.0	159712.0	178835.0	184969.0	204774.0	209573.0	231358.0	241274.0	307142.0	7435208.0	6776144.0
	22	27	32	37	42	47	52	57	62	67	72	77	82	87	92	97	102	107	112	117	122	127	130
43051_44931_SO1_NC1_L5_1_val_1	2518.0	6166.0	27311.0	30915.0	78061.0	123795.0	139472.0	145831.0	159737.0	167732.0	186042.0	192549.0	212636.0	222020.0	250584.0	259207.0	289256.0	296480.0	327836.0	344533.0	388268.0	12074092.0	12188326.0
	22	27	32	37	42	47	52	57	62	67	72	77	82	87	92	97	102	107	112	117	120
43051_44931_SO1_NC1_L5_2_val_2	14643.0	14494.0	65441.0	126273.0	142847.0	148600.0	162225.0	170423.0	188724.0	194794.0	214989.0	224793.0	253342.0	263304.0	294079.0	301297.0	333546.0	355256.0	468463.0	12622215.0	11553619.0
	22	27	32	37	42	47	52	57	62	67	72	77	82	87	92	97	102	107	112	117	122	127	130
43051_45068_EO1_NC8_M5_1_val_1	362.0	883.0	4220.0	4834.0	10710.0	18125.0	18204.0	18557.0	20045.0	20819.0	22400.0	22548.0	24516.0	25339.0	28116.0	28336.0	30557.0	31620.0	33927.0	34957.0	38425.0	844893.0	846021.0
	22	27	32	37	42	47	52	57	62	67	72	77	82	87	92	97	102	107	112	117	120
43051_45068_EO1_NC8_M5_2_val_2	2670.0	3792.0	10490.0	17106.0	18479.0	19432.0	20657.0	20841.0	22627.0	22725.0	24839.0	25105.0	27676.0	28673.0	30958.0	31740.0	34332.0	35564.0	44073.0	890870.0	795765.0
	22	27	32	37	42	47	52	57	62	67	72	77	82	87	92	97	102	107	112	117	122	127	130
43051_45068_EO2_NC8_N5_1_val_1	11.0	14.0	71.0	56.0	135.0	151.0	72.0	82.0	91.0	70.0	62.0	73.0	57.0	109.0	69.0	68.0	73.0	76.0	66.0	74.0	66.0	1075.0	945.0
	22	27	32	37	42	47	52	57	62	67	72	77	82	87	92	97	102	107	112	117	120
43051_45068_EO2_NC8_N5_2_val_2	92.0	160.0	106.0	87.0	92.0	85.0	72.0	69.0	70.0	88.0	88.0	65.0	53.0	71.0	72.0	73.0	69.0	82.0	66.0	1140.0	866.0
	22	27	32	37	42	47	52	57	62	67	72	77	82	87	92	97	102	107	112	117	122	127	130
43051_45068_EO3_NC8_O5_1_val_1	547.0	1733.0	9391.0	10930.0	21820.0	35210.0	39099.0	41012.0	44211.0	45917.0	50139.0	50875.0	56463.0	58808.0	65379.0	68303.0	75414.0	77373.0	85458.0	88347.0	98972.0	2565600.0	2575219.0
	22	27	32	37	42	47	52	57	62	67	72	77	82	87	92	97	102	107	112	117	120
43051_45068_EO3_NC8_O5_2_val_2	5439.0	5713.0	17773.0	35134.0	39496.0	41353.0	44465.0	46166.0	50386.0	50980.0	56499.0	58944.0	65599.0	68680.0	76124.0	77998.0	86143.0	89978.0	113891.0	2665363.0	2470096.0
	22	27	32	37	42	47	52	57	62	67	72	77	82	87	92	97	102	107	112	117	122	127	130
44218_44676_PO1_NC4_M6_1_val_1	253.0	665.0	3003.0	3193.0	7570.0	11878.0	12903.0	13333.0	14354.0	14764.0	16073.0	16328.0	17471.0	17948.0	20374.0	20462.0	22007.0	22568.0	24736.0	25237.0	28637.0	646985.0	649645.0
	22	27	32	37	42	47	52	57	62	67	72	77	82	87	92	97	102	107	112	117	120
44218_44676_PO1_NC4_M6_2_val_2	1874.0	1810.0	6189.0	11780.0	13070.0	13494.0	14396.0	14839.0	16194.0	16475.0	17592.0	18024.0	20384.0	20634.0	22158.0	22766.0	24970.0	25809.0	32882.0	690457.0	604590.0
	22	27	32	37	42	47	52	57	62	67	72	77	82	87	92	97	102	107	112	117	122	127	130
44218_44676_SO1_NC1_J6_1_val_1	424.0	1254.0	6107.0	6853.0	16911.0	26476.0	29334.0	30697.0	33262.0	34249.0	38063.0	38493.0	42436.0	43219.0	48607.0	49996.0	55503.0	56133.0	61346.0	63603.0	71585.0	1824753.0	1807484.0
	22	27	32	37	42	47	52	57	62	67	72	77	82	87	92	97	102	107	112	117	120
44218_44676_SO1_NC1_J6_2_val_2	3066.0	3026.0	13626.0	26393.0	29663.0	30971.0	33331.0	34382.0	38223.0	38739.0	42517.0	43433.0	48734.0	50431.0	55972.0	56611.0	61897.0	64823.0	82613.0	1911188.0	1717149.0
	22	27	32	37	42	47	52	57	62	67	72	77	82	87	92	97	102	107	112	117	122	127	130
44218_44676_SO2_NC1_K6_1_val_1	394.0	1151.0	6215.0	7194.0	14673.0	23008.0	25714.0	26526.0	28724.0	29455.0	32550.0	33345.0	36127.0	37181.0	41405.0	43679.0	47209.0	48691.0	53592.0	54718.0	61488.0	1586391.0	1585518.0
	22	27	32	37	42	47	52	57	62	67	72	77	82	87	92	97	102	107	112	117	120
44218_44676_SO2_NC1_K6_2_val_2	3761.0	3848.0	12187.0	23108.0	26132.0	26841.0	28895.0	29813.0	32734.0	33458.0	36260.0	37336.0	41599.0	43985.0	47732.0	49014.0	54117.0	55748.0	70924.0	1667869.0	1499587.0
	22	27	32	37	42	47	52	57	62	67	72	77	82	87	92	97	102	107	112	117	122	127	130
44218_44676_SO3_NC1_L6_1_val_1	409.0	1388.0	10579.0	11748.0	19838.0	30751.0	33986.0	34339.0	36226.0	36123.0	38708.0	38029.0	40952.0	40744.0	44967.0	44624.0	48655.0	47952.0	51352.0	51624.0	55960.0	1012376.0	1007669.0
	22	27	32	37	42	47	52	57	62	67	72	77	82	87	92	97	102	107	112	117	120
44218_44676_SO3_NC1_L6_2_val_2	6502.0	6507.0	15604.0	30263.0	34043.0	34304.0	36001.0	35993.0	38616.0	37876.0	40772.0	40523.0	44849.0	44699.0	48829.0	48006.0	51565.0	52000.0	61494.0	1085226.0	945327.0
	22	27	32	37	42	47	52	57	62	67	72	77	82	87	92	97	102	107	112	117	122	127	130
44564_44991_PO1_NC3_H6_1_val_1	1819.0	5474.0	24633.0	26664.0	66356.0	103957.0	114535.0	119086.0	127966.0	131208.0	145007.0	147810.0	161211.0	166895.0	186066.0	190787.0	211645.0	216311.0	237274.0	243635.0	272298.0	7347959.0	7309886.0
	22	27	32	37	42	47	52	57	62	67	72	77	82	87	92	97	102	107	112	117	120
44564_44991_PO1_NC3_H6_2_val_2	11612.0	10848.0	54065.0	104612.0	116143.0	120471.0	128952.0	132509.0	146240.0	148837.0	162200.0	167976.0	187311.0	192811.0	214100.0	218784.0	240289.0	249287.0	316825.0	7666223.0	6968387.0
	22	27	32	37	42	47	52	57	62	67	72	77	82	87	92	97	102	107	112	117	122	127	130
44564_44991_SO1_NC1_E6_1_val_1	111.0	198.0	806.0	991.0	2179.0	3634.0	3948.0	4301.0	4612.0	4881.0	5451.0	5830.0	6504.0	6936.0	7737.0	8070.0	9161.0	9486.0	10529.0	11162.0	12772.0	422789.0	429918.0
	22	27	32	37	42	47	52	57	62	67	72	77	82	87	92	97	102	107	112	117	120
44564_44991_SO1_NC1_E6_2_val_2	570.0	675.0	2023.0	3655.0	4091.0	4441.0	4755.0	5040.0	5561.0	5903.0	6626.0	7011.0	7818.0	8208.0	9358.0	9669.0	10770.0	11535.0	15684.0	446248.0	402365.0
	22	27	32	37	42	47	52	57	62	67	72	77	82	87	92	97	102	107	112	117	122	127	130
44564_44991_SO2_NC1_F6_1_val_1	306.0	610.0	2432.0	3025.0	6859.0	11395.0	12557.0	13396.0	14773.0	15341.0	17195.0	17491.0	19514.0	20009.0	22728.0	23462.0	26422.0	27174.0	30478.0	31353.0	35499.0	1071982.0	1091316.0
	22	27	32	37	42	47	52	57	62	67	72	77	82	87	92	97	102	107	112	117	120
44564_44991_SO2_NC1_F6_2_val_2	1779.0	1858.0	5949.0	11678.0	13088.0	13839.0	15036.0	15682.0	17623.0	17858.0	19882.0	20421.0	23099.0	23984.0	26991.0	27717.0	31050.0	32524.0	43261.0	1138419.0	1013579.0
	22	27	32	37	42	47	52	57	62	67	72	77	82	87	92	97	102	107	112	117	122	127	130
44564_44991_SO3_NC1_G6_1_val_1	73.0	143.0	784.0	873.0	1647.0	2642.0	2851.0	2837.0	2953.0	3053.0	3418.0	3394.0	3661.0	3679.0	4038.0	4293.0	4633.0	4697.0	5061.0	5238.0	5841.0	142188.0	145286.0
	22	27	32	37	42	47	52	57	62	67	72	77	82	87	92	97	102	107	112	117	120
44564_44991_SO3_NC1_G6_2_val_2	480.0	444.0	1400.0	2696.0	2907.0	2905.0	2981.0	3121.0	3455.0	3432.0	3724.0	3699.0	4058.0	4374.0	4717.0	4795.0	5139.0	5410.0	7054.0	153155.0	133337.0
	22	27	32	37	42	47	52	57	62	67	72	77	82	87	92	97	102	107	112	117	122	127	130
44994_45005_PO1_NC3_B6_1_val_1	206.0	512.0	1944.0	2171.0	5741.0	9071.0	9740.0	10185.0	11150.0	11740.0	13025.0	13507.0	14848.0	15642.0	17223.0	17622.0	20145.0	20560.0	22608.0	23880.0	26416.0	825045.0	827111.0
	22	27	32	37	42	47	52	57	62	67	72	77	82	87	92	97	102	107	112	117	120
44994_45005_PO1_NC3_B6_2_val_2	1018.0	1166.0	5083.0	9284.0	10003.0	10471.0	11398.0	11933.0	13275.0	13741.0	15124.0	15921.0	17382.0	17951.0	20543.0	20991.0	23048.0	24707.0	32227.0	867531.0	777295.0
	22	27	32	37	42	47	52	57	62	67	72	77	82	87	92	97	102	107	112	117	122	127	130
44994_45005_PO2_NC3_C5_1_val_1	695.0	1465.0	6857.0	7952.0	22015.0	33803.0	31876.0	32496.0	35674.0	36386.0	40677.0	42349.0	47287.0	51837.0	54756.0	55834.0	60775.0	63597.0	69507.0	72612.0	81249.0	2589101.0	2618434.0
	22	27	32	37	42	47	52	57	62	67	72	77	82	87	92	97	102	107	112	117	120
44994_45005_PO2_NC3_C5_2_val_2	7464.0	15497.0	24075.0	31425.0	32951.0	34078.0	36520.0	37384.0	42040.0	44881.0	49294.0	49777.0	54146.0	56147.0	61707.0	64172.0	70480.0	74595.0	98297.0	2718672.0	2453632.0
	22	27	32	37	42	47	52	57	62	67	72	77	82	87	92	97	102	107	112	117	122	127	130
44994_45005_SO1_NC1_P5_1_val_1	290.0	946.0	4279.0	4955.0	12464.0	19006.0	21102.0	21527.0	23213.0	23337.0	25500.0	25932.0	27779.0	28237.0	30667.0	31536.0	34477.0	35098.0	37988.0	38675.0	42071.0	812308.0	817058.0
	22	27	32	37	42	47	52	57	62	67	72	77	82	87	92	97	102	107	112	117	120
44994_45005_SO1_NC1_P5_2_val_2	2007.0	1964.0	10005.0	18824.0	21195.0	21600.0	23228.0	23298.0	25530.0	25924.0	27745.0	28274.0	30707.0	31716.0	34710.0	35275.0	38296.0	39190.0	46981.0	863223.0	768753.0
	22	27	32	37	42	47	52	57	62	67	72	77	82	87	92	97	102	107	112	117	122	127	130
44994_45005_SO2_NC1_A6_1_val_1	288.0	755.0	3634.0	3876.0	8758.0	13769.0	15027.0	15519.0	16849.0	17525.0	19158.0	19269.0	21225.0	21639.0	23909.0	25002.0	27443.0	28147.0	30941.0	32402.0	36153.0	971936.0	977193.0
	22	27	32	37	42	47	52	57	62	67	72	77	82	87	92	97	102	107	112	117	120
44994_45005_SO2_NC1_A6_2_val_2	2032.0	1924.0	7305.0	13783.0	15351.0	15715.0	17018.0	17667.0	19322.0	19463.0	21363.0	21885.0	24092.0	25294.0	27824.0	28477.0	31414.0	33247.0	42621.0	1017125.0	927495.0
	22	27	32	37	42	47	52	57	62	67	72	77	82	87	92	97	102	107	112	117	122	127	130
44994_45005_SO3_NC1_D6_1_val_1	257.0	457.0	2258.0	2490.0	5805.0	8907.0	9979.0	10447.0	11547.0	12077.0	13359.0	13956.0	15207.0	16179.0	18220.0	18971.0	21087.0	22145.0	24535.0	25620.0	29036.0	974700.0	990660.0
	22	27	32	37	42	47	52	57	62	67	72	77	82	87	92	97	102	107	112	117	120
44994_45005_SO3_NC1_D6_2_val_2	1566.0	1673.0	5269.0	9283.0	10461.0	10813.0	11939.0	12526.0	13788.0	14283.0	15568.0	16541.0	18485.0	19491.0	21586.0	22661.0	25187.0	26837.0	36529.0	1029016.0	924397.0
	22	27	32	37	42	47	52	57	62	67	72	77	82	87	92	97	102	107	112	117	122	127	130
45208_44650_PO1_NC5_A7_1_val_1	293.0	739.0	3975.0	4285.0	8437.0	13617.0	14593.0	15299.0	16005.0	16246.0	17719.0	18039.0	19677.0	19986.0	21405.0	21717.0	23443.0	23744.0	25486.0	26658.0	30581.0	1049103.0	1046419.0
	22	27	32	37	42	47	52	57	62	67	72	77	82	87	92	97	102	107	112	117	120
45208_44650_PO1_NC5_A7_2_val_2	2242.0	2567.0	7001.0	13375.0	14829.0	15587.0	16242.0	16491.0	18002.0	18265.0	19878.0	20248.0	21542.0	22185.0	23880.0	24382.0	26012.0	27863.0	38619.0	1106991.0	981265.0
	22	27	32	37	42	47	52	57	62	67	72	77	82	87	92	97	102	107	112	117	122	127	130
45208_44650_PO2_NC3_B7_1_val_1	379.0	870.0	3328.0	4016.0	9574.0	14546.0	15410.0	15854.0	17090.0	18111.0	19543.0	19974.0	22223.0	22966.0	24253.0	24322.0	26223.0	26574.0	28867.0	29623.0	33399.0	1091235.0	1098296.0
	22	27	32	37	42	47	52	57	62	67	72	77	82	87	92	97	102	107	112	117	120
45208_44650_PO2_NC3_B7_2_val_2	2800.0	4051.0	7601.0	14072.0	15671.0	16212.0	17234.0	18272.0	19863.0	20421.0	22587.0	22498.0	24233.0	24660.0	26588.0	26892.0	29298.0	30708.0	41373.0	1151796.0	1029846.0
	22	27	32	37	42	47	52	57	62	67	72	77	82	87	92	97	102	107	112	117	122	127	130
45208_44650_PO3_NC5_C8_1_val_1	1680.0	4815.0	22048.0	25830.0	49316.0	79767.0	89353.0	92714.0	99902.0	102786.0	112972.0	113838.0	123639.0	124595.0	136395.0	136435.0	148091.0	149016.0	161366.0	167237.0	191001.0	6374094.0	6351346.0
	22	27	32	37	42	47	52	57	62	67	72	77	82	87	92	97	102	107	112	117	120
45208_44650_PO3_NC5_C8_2_val_2	12513.0	13176.0	38908.0	80006.0	91062.0	94402.0	101329.0	104118.0	114410.0	115289.0	125047.0	126370.0	138132.0	138906.0	151208.0	152212.0	165020.0	174604.0	238679.0	6640987.0	6041858.0
	22	27	32	37	42	47	52	57	62	67	72	77	82	87	92	97	102	107	112	117	122	127	130
45208_44650_SO1_NC1_N6_1_val_1	1871.0	5044.0	30425.0	34426.0	73048.0	117338.0	131724.0	137790.0	149609.0	155693.0	171863.0	174293.0	190565.0	197217.0	222040.0	231119.0	255111.0	262579.0	288291.0	298677.0	337876.0	8994407.0	8882412.0
	22	27	32	37	42	47	52	57	62	67	72	77	82	87	92	97	102	107	112	117	120
45208_44650_SO1_NC1_N6_2_val_2	16988.0	16620.0	59637.0	117805.0	133636.0	139285.0	150399.0	156912.0	172824.0	175123.0	191379.0	198138.0	223437.0	233123.0	257879.0	264989.0	291622.0	305426.0	392979.0	9528374.0	8316843.0
	22	27	32	37	42	47	52	57	62	67	72	77	82	87	92	97	102	107	112	117	122	127	130
45208_44650_SO2_NC1_O6_1_val_1	1033.0	3109.0	13834.0	15898.0	38401.0	62301.0	70080.0	72282.0	79782.0	81589.0	90014.0	92697.0	101810.0	105217.0	118234.0	121512.0	135926.0	138184.0	152199.0	158214.0	176601.0	4554072.0	4567784.0
	22	27	32	37	42	47	52	57	62	67	72	77	82	87	92	97	102	107	112	117	120
45208_44650_SO2_NC1_O6_2_val_2	7667.0	7728.0	30989.0	62231.0	70902.0	72810.0	80097.0	81868.0	90452.0	93117.0	102060.0	105588.0	118721.0	122423.0	137288.0	139101.0	153660.0	161245.0	203413.0	4767538.0	4341875.0
	22	27	32	37	42	47	52	57	62	67	72	77	82	87	92	97	102	107	112	117	122	127	130
45208_44650_SO3_NC1_P6_1_val_1	128.0	299.0	2186.0	2435.0	4775.0	7316.0	8178.0	8566.0	9198.0	9590.0	10445.0	10633.0	11195.0	11758.0	13364.0	13792.0	14967.0	15155.0	17016.0	17497.0	19304.0	455180.0	448860.0
	22	27	32	37	42	47	52	57	62	67	72	77	82	87	92	97	102	107	112	117	120
45208_44650_SO3_NC1_P6_2_val_2	1340.0	1297.0	3850.0	7211.0	8240.0	8658.0	9189.0	9616.0	10481.0	10651.0	11270.0	11754.0	13363.0	13843.0	15101.0	15233.0	17075.0	17731.0	21690.0	481729.0	422515.0
	22	27	32	37	42	47	52	57	62	67	72	77	82	87	92	97	102	107	112	117	122	127	130
45208_45054_BL1_NC16_I7_1_val_1	146.0	438.0	1801.0	2090.0	3887.0	5841.0	6461.0	6425.0	6823.0	6991.0	7460.0	7447.0	7930.0	8078.0	8670.0	8341.0	8876.0	9097.0	9702.0	9912.0	10909.0	322254.0	322799.0
	22	27	32	37	42	47	52	57	62	67	72	77	82	87	92	97	102	107	112	117	120
45208_45054_BL1_NC16_I7_2_val_2	1039.0	1086.0	3058.0	5896.0	6563.0	6547.0	6949.0	7088.0	7606.0	7579.0	7990.0	8238.0	8801.0	8532.0	9090.0	9351.0	9947.0	10399.0	13771.0	337596.0	305252.0
	22	27	32	37	42	47	52	57	62	67	72	77	82	87	92	97	102	107	112	117	122	127	130
45208_45054_BL2_NC16_J7_1_val_1	3384.0	9594.0	43319.0	49882.0	108141.0	172725.0	194479.0	203076.0	221636.0	226072.0	251264.0	250229.0	277713.0	278524.0	307318.0	305318.0	335289.0	335191.0	366026.0	374901.0	425826.0	13796224.0	13660436.0
	22	27	32	37	42	47	52	57	62	67	72	77	82	87	92	97	102	107	112	117	120
45208_45054_BL2_NC16_J7_2_val_2	19334.0	18599.0	83329.0	172667.0	196802.0	205122.0	222928.0	228038.0	253071.0	252072.0	279933.0	281330.0	310981.0	309645.0	340655.0	340799.0	372346.0	387143.0	516315.0	14273041.0	13132417.0
	22	27	32	37	42	47	52	57	62	67	72	77	82	87	92	97	102	107	112	117	122	127	130
45208_45054_BL3_NC16_K7_1_val_1	1365.0	4358.0	26088.0	30082.0	55766.0	89052.0	99841.0	103141.0	111613.0	113363.0	123298.0	121774.0	132848.0	132642.0	144218.0	142958.0	154786.0	154559.0	166901.0	173386.0	197575.0	5619918.0	5582177.0
	22	27	32	37	42	47	52	57	62	67	72	77	82	87	92	97	102	107	112	117	120
45208_45054_BL3_NC16_K7_2_val_2	14134.0	14671.0	42624.0	88312.0	100630.0	103770.0	111645.0	113551.0	123578.0	121830.0	132896.0	133160.0	144794.0	144206.0	156464.0	156182.0	169145.0	177804.0	233674.0	5894484.0	5304155.0
	22	27	32	37	42	47	52	57	62	67	72	77	82	87	92	97	102	107	112	117	122	127	130
45208_45054_BL4_NC16_L7_1_val_1	3124.0	9145.0	43046.0	51152.0	111523.0	178263.0	199819.0	208537.0	224401.0	231002.0	253116.0	254493.0	275921.0	276878.0	300979.0	300382.0	325370.0	327842.0	354097.0	366770.0	411063.0	12133900.0	12036726.0
	22	27	32	37	42	47	52	57	62	67	72	77	82	87	92	97	102	107	112	117	120
45208_45054_BL4_NC16_L7_2_val_2	22583.0	22838.0	87942.0	178183.0	202708.0	211044.0	226773.0	233212.0	255326.0	256968.0	278962.0	280181.0	304585.0	305372.0	331215.0	333340.0	361017.0	380424.0	503193.0	12595678.0	11506005.0
	22	27	32	37	42	47	52	57	62	67	72	77	82	87	92	97	102	107	112	117	122	127	130
45208_45054_BL5_NC16_M7_1_val_1	3519.0	11661.0	57847.0	64726.0	119330.0	187564.0	203779.0	206903.0	220036.0	221999.0	237686.0	234121.0	252126.0	251514.0	271818.0	266726.0	287014.0	284238.0	304959.0	311736.0	349394.0	8982890.0	8970158.0
	22	27	32	37	42	47	52	57	62	67	72	77	82	87	92	97	102	107	112	117	120
45208_45054_BL5_NC16_M7_2_val_2	30063.0	30434.0	89330.0	183151.0	203381.0	206586.0	219189.0	221412.0	237398.0	233786.0	251996.0	251328.0	272412.0	268596.0	289533.0	286683.0	307990.0	318998.0	411298.0	9343167.0	8645013.0
	22	27	32	37	42	47	52	57	62	67	72	77	82	87	92	97	102	107	112	117	122	127	130
45208_45054_BL6_NC16_N7_1_val_1	1616.0	5131.0	21332.0	24250.0	57904.0	93605.0	103148.0	106384.0	114847.0	116284.0	124763.0	124191.0	134600.0	133917.0	145274.0	143642.0	155261.0	154312.0	165151.0	167053.0	186536.0	4605929.0	4639908.0
	22	27	32	37	42	47	52	57	62	67	72	77	82	87	92	97	102	107	112	117	120
45208_45054_BL6_NC16_N7_2_val_2	9201.0	8818.0	44448.0	92378.0	103574.0	106477.0	114970.0	116434.0	124948.0	124375.0	134962.0	134411.0	145930.0	144660.0	156562.0	155568.0	166935.0	170710.0	217047.0	4776913.0	4475717.0
	22	27	32	37	42	47	52	57	62	67	72	77	82	87	92	97	102	107	112	117	122	127	130
45208_45054_EO1_NC8_D7_1_val_1	1231.0	3157.0	20132.0	22814.0	36305.0	56615.0	62843.0	65782.0	71587.0	73797.0	80040.0	80285.0	88000.0	89414.0	97111.0	97122.0	105592.0	105936.0	115187.0	121097.0	139250.0	4889022.0	4862682.0
	22	27	32	37	42	47	52	57	62	67	72	77	82	87	92	97	102	107	112	117	120
45208_45054_EO1_NC8_D7_2_val_2	14290.0	14983.0	29765.0	57450.0	64465.0	67242.0	72710.0	74997.0	81184.0	81329.0	89187.0	90850.0	98508.0	99032.0	107759.0	108342.0	117978.0	126523.0	175588.0	5203495.0	4509324.0
	22	27	32	37	42	47	52	57	62	67	72	77	82	87	92	97	102	107	112	117	122	127	130
45208_45054_EO2_NC8_E7_1_val_1	117.0	251.0	831.0	996.0	2099.0	3274.0	3661.0	3694.0	4106.0	4150.0	4632.0	4668.0	5121.0	5288.0	5600.0	5592.0	6171.0	6249.0	6669.0	7043.0	7648.0	243581.0	242791.0
	22	27	32	37	42	47	52	57	62	67	72	77	82	87	92	97	102	107	112	117	120
45208_45054_EO2_NC8_E7_2_val_2	551.0	621.0	1687.0	3348.0	3741.0	3798.0	4219.0	4277.0	4715.0	4775.0	5214.0	5369.0	5728.0	5694.0	6342.0	6402.0	6859.0	7374.0	9769.0	253634.0	230115.0
	22	27	32	37	42	47	52	57	62	67	72	77	82	87	92	97	102	107	112	117	122	127	130
45208_45054_EO3_NC8_F7_1_val_1	162.0	403.0	1497.0	1911.0	4278.0	6901.0	8021.0	8585.0	9668.0	9774.0	11408.0	11614.0	13202.0	13451.0	14977.0	14764.0	16699.0	16876.0	18547.0	19349.0	22079.0	798081.0	808006.0
	22	27	32	37	42	47	52	57	62	67	72	77	82	87	92	97	102	107	112	117	120
45208_45054_EO3_NC8_F7_2_val_2	901.0	893.0	3483.0	6909.0	8214.0	8759.0	9788.0	9928.0	11556.0	11770.0	13392.0	13643.0	15130.0	15054.0	16949.0	17235.0	18904.0	20079.0	27498.0	832989.0	767179.0
	22	27	32	37	42	47	52	57	62	67	72	77	82	87	92	97	102	107	112	117	122	127	130
45208_45054_EO4_NC8_G7_1_val_1	1259.0	3319.0	14273.0	16158.0	32479.0	51173.0	55657.0	56992.0	60768.0	61944.0	68051.0	67558.0	73293.0	73010.0	80060.0	79313.0	85801.0	86209.0	93120.0	95525.0	107213.0	3689370.0	3713549.0
	22	27	32	37	42	47	52	57	62	67	72	77	82	87	92	97	102	107	112	117	120
45208_45054_EO4_NC8_G7_2_val_2	7037.0	7149.0	25486.0	51185.0	56621.0	57979.0	61508.0	62888.0	68979.0	68471.0	74345.0	74212.0	81364.0	81160.0	88018.0	88318.0	95520.0	100195.0	138666.0	3844370.0	3532623.0
	22	27	32	37	42	47	52	57	62	67	72	77	82	87	92	97	102	107	112	117	122	127	130
45208_45054_EO5_NC8_H7_1_val_1	883.0	2607.0	14213.0	15818.0	30323.0	47382.0	51377.0	52989.0	56556.0	57158.0	62159.0	61464.0	65958.0	65386.0	70895.0	69817.0	75216.0	75055.0	80495.0	83007.0	92685.0	2402328.0	2421494.0
	22	27	32	37	42	47	52	57	62	67	72	77	82	87	92	97	102	107	112	117	120
45208_45054_EO5_NC8_H7_2_val_2	7170.0	6990.0	22998.0	46794.0	51513.0	52979.0	56423.0	57025.0	62090.0	61299.0	65882.0	65434.0	71024.0	70142.0	75948.0	75804.0	81445.0	84843.0	108521.0	2591012.0	2239929.0
	22	27	32	37	42	47	52	57	62	67	72	77	82	87	92	97	102	107	112	117	122	127	130
45669_44700_PO1_NC5_O8_1_val_1	1212.0	3744.0	16179.0	18171.0	39710.0	62855.0	69102.0	70558.0	74639.0	75227.0	80801.0	80642.0	86743.0	87068.0	93762.0	91857.0	99230.0	99959.0	107004.0	108779.0	121525.0	3429612.0	3391085.0
	22	27	32	37	42	47	52	57	62	67	72	77	82	87	92	97	102	107	112	117	120
45669_44700_PO1_NC5_O8_2_val_2	7617.0	7267.0	30641.0	62312.0	69469.0	71056.0	74832.0	75562.0	81096.0	80994.0	87262.0	87683.0	94562.0	93007.0	100586.0	101406.0	108520.0	112155.0	145632.0	3510394.0	3307411.0
	22	27	32	37	42	47	52	57	62	67	72	77	82	87	92	97	102	107	112	117	122	127	130
45669_44700_PO2_NC5_P8_1_val_1	2384.0	7286.0	28416.0	32645.0	75732.0	119519.0	130503.0	132949.0	141828.0	142374.0	153326.0	153047.0	164184.0	164670.0	176570.0	173944.0	188579.0	187394.0	202325.0	205380.0	226101.0	6068366.0	6065490.0
	22	27	32	37	42	47	52	57	62	67	72	77	82	87	92	97	102	107	112	117	120
45669_44700_PO2_NC5_P8_2_val_2	11968.0	10970.0	58785.0	118931.0	131672.0	134211.0	142671.0	143434.0	154319.0	153881.0	165377.0	166240.0	178387.0	176417.0	191074.0	190352.0	205739.0	211720.0	269996.0	6309736.0	5817132.0
	22	27	32	37	42	47	52	57	62	67	72	77	82	87	92	97	102	107	112	117	122	127	130
45669_44700_PO3_NC4_A9_1_val_1	3302.0	8797.0	51405.0	56588.0	133350.0	198114.0	216336.0	224043.0	239751.0	243368.0	261309.0	262119.0	278558.0	277638.0	295832.0	291557.0	310041.0	307554.0	326705.0	330186.0	360772.0	11791051.0	11896070.0
	22	27	32	37	42	47	52	57	62	67	72	77	82	87	92	97	102	107	112	117	120
45669_44700_PO3_NC4_A9_2_val_2	22298.0	20941.0	110882.0	200048.0	219756.0	227528.0	242647.0	246515.0	264422.0	264802.0	281998.0	281559.0	299999.0	296684.0	315855.0	313623.0	333648.0	342617.0	440858.0	12251071.0	11386695.0
	22	27	32	37	42	47	52	57	62	67	72	77	82	87	92	97	102	107	112	117	122	127	130
45669_44700_SO1_NC1_L8_1_val_1	780.0	2215.0	7519.0	9039.0	21567.0	35348.0	39621.0	41334.0	44481.0	45721.0	50368.0	50411.0	55122.0	54998.0	60162.0	59538.0	64806.0	64706.0	70176.0	71401.0	81158.0	2250563.0	2238476.0
	22	27	32	37	42	47	52	57	62	67	72	77	82	87	92	97	102	107	112	117	120
45669_44700_SO1_NC1_L8_2_val_2	3281.0	3335.0	16501.0	35215.0	40066.0	41628.0	44739.0	45947.0	50665.0	50571.0	55474.0	55366.0	60542.0	60173.0	65667.0	65741.0	71420.0	73619.0	97032.0	2319557.0	2162971.0
	22	27	32	37	42	47	52	57	62	67	72	77	82	87	92	97	102	107	112	117	122	127	130
45669_44700_SO2_NC1_M8_1_val_1	898.0	3121.0	19090.0	21439.0	34102.0	54057.0	59597.0	61113.0	64575.0	64823.0	69111.0	68494.0	73128.0	72551.0	77882.0	75973.0	81839.0	81560.0	87180.0	89232.0	100436.0	2369421.0	2328273.0
	22	27	32	37	42	47	52	57	62	67	72	77	82	87	92	97	102	107	112	117	120
45669_44700_SO2_NC1_M8_2_val_2	10909.0	11050.0	25205.0	52727.0	59304.0	60703.0	64194.0	64344.0	68675.0	68077.0	73011.0	72340.0	77827.0	76263.0	82210.0	82095.0	87874.0	91219.0	116048.0	2492930.0	2220890.0
	22	27	32	37	42	47	52	57	62	67	72	77	82	87	92	97	102	107	112	117	122	127	130
45669_44700_SO3_NC1_N8_1_val_1	450.0	1359.0	6803.0	7750.0	15325.0	23999.0	26858.0	27122.0	28558.0	29017.0	31178.0	31067.0	33224.0	32838.0	35098.0	34754.0	36817.0	37153.0	39673.0	40153.0	44735.0	1080426.0	1084746.0
	22	27	32	37	42	47	52	57	62	67	72	77	82	87	92	97	102	107	112	117	120
45669_44700_SO3_NC1_N8_2_val_2	3416.0	3485.0	11796.0	23570.0	27004.0	27242.0	28562.0	28918.0	31197.0	31062.0	33322.0	32942.0	35289.0	35039.0	37211.0	37583.0	40170.0	41099.0	51943.0	1137270.0	1030983.0
	22	27	32	37	42	47	52	57	62	67	72	77	82	87	92	97	102	107	112	117	122	127	130
45669_44964_PO1_NC4_B8_1_val_1	129.0	342.0	1578.0	1744.0	3409.0	5528.0	5862.0	6154.0	6517.0	6932.0	7362.0	7312.0	7931.0	8184.0	8772.0	8848.0	9398.0	9374.0	10407.0	10751.0	12087.0	373960.0	381167.0
	22	27	32	37	42	47	52	57	62	67	72	77	82	87	92	97	102	107	112	117	120
45669_44964_PO1_NC4_B8_2_val_2	903.0	946.0	2599.0	5411.0	5926.0	6224.0	6560.0	6970.0	7358.0	7301.0	7969.0	8230.0	8857.0	8990.0	9545.0	9529.0	10575.0	11111.0	14866.0	391156.0	362722.0
	22	27	32	37	42	47	52	57	62	67	72	77	82	87	92	97	102	107	112	117	122	127	130
45669_44964_PO2_NC4_C7_1_val_1	711.0	1628.0	5164.0	6118.0	15969.0	25824.0	26167.0	26590.0	29516.0	29665.0	32961.0	33313.0	37683.0	38380.0	41475.0	40176.0	44571.0	44898.0	48226.0	50360.0	57528.0	1889415.0	1915181.0
	22	27	32	37	42	47	52	57	62	67	72	77	82	87	92	97	102	107	112	117	120
45669_44964_PO2_NC4_C7_2_val_2	4968.0	7380.0	17283.0	25181.0	27275.0	27880.0	29760.0	30490.0	34672.0	34812.0	38717.0	38353.0	40827.0	41452.0	45057.0	45140.0	49303.0	52373.0	72111.0	1988501.0	1789984.0
	22	27	32	37	42	47	52	57	62	67	72	77	82	87	92	97	102	107	112	117	122	127	130
45669_44964_PO3_NC3_D8_1_val_1	558.0	1505.0	7628.0	8711.0	15462.0	25215.0	28002.0	29328.0	31801.0	32463.0	35581.0	35709.0	39814.0	40269.0	43609.0	43810.0	47824.0	48406.0	52452.0	54792.0	63062.0	2171402.0	2171696.0
	22	27	32	37	42	47	52	57	62	67	72	77	82	87	92	97	102	107	112	117	120
45669_44964_PO3_NC3_D8_2_val_2	4840.0	5036.0	12214.0	25316.0	28598.0	29795.0	32227.0	32932.0	35869.0	36152.0	40189.0	40590.0	44020.0	44373.0	48668.0	49147.0	53561.0	56955.0	78476.0	2268961.0	2061180.0
	22	27	32	37	42	47	52	57	62	67	72	77	82	87	92	97	102	107	112	117	122	127	130
45669_44964_PO4_NC3_E8_1_val_1	632.0	1591.0	7725.0	9285.0	17272.0	27761.0	31013.0	32666.0	35800.0	37649.0	41497.0	42249.0	46650.0	47201.0	52338.0	52460.0	57983.0	58698.0	63399.0	67026.0	77555.0	2750797.0	2788879.0
	22	27	32	37	42	47	52	57	62	67	72	77	82	87	92	97	102	107	112	117	120
45669_44964_PO4_NC3_E8_2_val_2	4703.0	5054.0	13688.0	28015.0	31897.0	33456.0	36626.0	38266.0	42189.0	42868.0	47317.0	48008.0	53073.0	53473.0	59325.0	59937.0	64938.0	70251.0	98457.0	2892692.0	2623893.0
	22	27	32	37	42	47	52	57	62	67	72	77	82	87	92	97	102	107	112	117	122	127	130
45669_44964_SO1_NC1_O7_1_val_1	3296.0	10655.0	54721.0	63887.0	119308.0	189087.0	208888.0	215346.0	231003.0	234360.0	254262.0	252347.0	273275.0	274073.0	295096.0	292163.0	314627.0	314713.0	339073.0	347542.0	390653.0	10536720.0	10435461.0
	22	27	32	37	42	47	52	57	62	67	72	77	82	87	92	97	102	107	112	117	120
45669_44964_SO1_NC1_O7_2_val_2	27609.0	28091.0	90852.0	187483.0	210311.0	216418.0	231313.0	234921.0	255024.0	252758.0	274144.0	275237.0	297028.0	294930.0	318438.0	318765.0	343367.0	356170.0	458751.0	11136029.0	9842917.0
	22	27	32	37	42	47	52	57	62	67	72	77	82	87	92	97	102	107	112	117	122	127	130
45669_44964_SO2_NC1_P7_1_val_1	245.0	856.0	3601.0	4122.0	9285.0	14591.0	15692.0	15838.0	16839.0	16819.0	18082.0	17937.0	18890.0	19001.0	20066.0	19882.0	20928.0	21009.0	22607.0	22816.0	24795.0	567545.0	564206.0
	22	27	32	37	42	47	52	57	62	67	72	77	82	87	92	97	102	107	112	117	120
45669_44964_SO2_NC1_P7_2_val_2	1586.0	1612.0	7217.0	14443.0	15754.0	15897.0	16904.0	16818.0	18167.0	18017.0	19012.0	19055.0	20217.0	20066.0	21196.0	21237.0	22955.0	23409.0	28736.0	584654.0	548700.0
	22	27	32	37	42	47	52	57	62	67	72	77	82	87	92	97	102	107	112	117	122	127	130
45669_44964_SO3_NC1_A8_1_val_1	770.0	2051.0	7466.0	8373.0	20498.0	32558.0	35618.0	37388.0	40529.0	41430.0	45267.0	45833.0	49888.0	49993.0	54331.0	53912.0	59414.0	59634.0	65211.0	66448.0	74269.0	2381433.0	2406445.0
	22	27	32	37	42	47	52	57	62	67	72	77	82	87	92	97	102	107	112	117	120
45669_44964_SO3_NC1_A8_2_val_2	3136.0	2953.0	15969.0	32307.0	35997.0	37619.0	40788.0	41591.0	45512.0	45976.0	50357.0	50544.0	54855.0	54726.0	60255.0	60622.0	66376.0	68881.0	92760.0	2500216.0	2277319.0
	22	27	32	37	42	47	52	57	62	67	72	77	82	87	92	97	102	107	112	117	122	127	130
45982_44908_PO1_NC3_J8_1_val_1	532.0	1813.0	7373.0	8498.0	20177.0	33145.0	37233.0	38044.0	41338.0	41741.0	45583.0	45762.0	49526.0	49273.0	53772.0	52907.0	56840.0	56368.0	60560.0	62767.0	69421.0	1712376.0	1715969.0
	22	27	32	37	42	47	52	57	62	67	72	77	82	87	92	97	102	107	112	117	120
45982_44908_PO1_NC3_J8_2_val_2	2791.0	2703.0	15073.0	32695.0	37093.0	37939.0	41109.0	41442.0	45511.0	45583.0	49406.0	49140.0	53818.0	53090.0	57076.0	56705.0	61037.0	63810.0	80119.0	1779627.0	1655251.0
	22	27	32	37	42	47	52	57	62	67	72	77	82	87	92	97	102	107	112	117	122	127	130
45982_44908_PO2_NC4_K8_1_val_1	628.0	1904.0	7781.0	9183.0	19082.0	29311.0	33004.0	34537.0	36865.0	37532.0	40958.0	40457.0	43661.0	43681.0	47728.0	47087.0	50853.0	51214.0	54646.0	56257.0	63783.0	1800062.0	1788647.0
	22	27	32	37	42	47	52	57	62	67	72	77	82	87	92	97	102	107	112	117	120
45982_44908_PO2_NC4_K8_2_val_2	4298.0	4372.0	14616.0	29267.0	33476.0	34984.0	37157.0	37837.0	41329.0	40834.0	44042.0	44121.0	48282.0	47812.0	51562.0	52134.0	55680.0	58456.0	77309.0	1885134.0	1696159.0
	22	27	32	37	42	47	52	57	62	67	72	77	82	87	92	97	102	107	112	117	122	127	130
45982_44908_SO1_NC1_G8_1_val_1	1003.0	2748.0	11317.0	12862.0	27159.0	41388.0	45729.0	46977.0	50474.0	50807.0	55674.0	55328.0	60751.0	60578.0	65798.0	65465.0	71022.0	71267.0	76767.0	78246.0	87868.0	2737128.0	2735126.0
	22	27	32	37	42	47	52	57	62	67	72	77	82	87	92	97	102	107	112	117	120
45982_44908_SO1_NC1_G8_2_val_2	5705.0	5824.0	21624.0	41977.0	46973.0	47890.0	51385.0	51794.0	56775.0	56330.0	61733.0	61864.0	67038.0	67089.0	72777.0	73150.0	78916.0	82141.0	111175.0	2835955.0	2613367.0
	22	27	32	37	42	47	52	57	62	67	72	77	82	87	92	97	102	107	112	117	122	127	130
45982_44908_SO2_NC1_H8_1_val_1	791.0	2392.0	8259.0	9719.0	24424.0	39947.0	44825.0	46130.0	49826.0	51150.0	55716.0	55734.0	61007.0	61034.0	66621.0	66364.0	71358.0	71638.0	76776.0	78728.0	88663.0	2332542.0	2332922.0
	22	27	32	37	42	47	52	57	62	67	72	77	82	87	92	97	102	107	112	117	120
45982_44908_SO2_NC1_H8_2_val_2	3400.0	3360.0	18960.0	39642.0	45287.0	46535.0	50020.0	51242.0	55949.0	55868.0	61243.0	61289.0	67163.0	66922.0	72181.0	72379.0	77697.0	80770.0	103485.0	2425638.0	2237536.0
	22	27	32	37	42	47	52	57	62	67	72	77	82	87	92	97	102	107	112	117	122	127	130
45982_44908_SO3_NC1_I8_1_val_1	539.0	1534.0	6237.0	6915.0	14937.0	23646.0	25867.0	26621.0	28509.0	28397.0	30330.0	29894.0	32408.0	32573.0	34522.0	34508.0	36667.0	36811.0	38899.0	39747.0	44338.0	1145220.0	1143876.0
	22	27	32	37	42	47	52	57	62	67	72	77	82	87	92	97	102	107	112	117	120
45982_44908_SO3_NC1_I8_2_val_2	2925.0	2927.0	11254.0	23366.0	26055.0	26655.0	28478.0	28382.0	30416.0	29923.0	32496.0	32698.0	34628.0	34800.0	37116.0	37258.0	39508.0	40758.0	53060.0	1190250.0	1100042.0
	22	27	32	37	42	47	52	57	62	67	72	77	82	87	92	97	102	107	112	117	122	127	130
45982_45001_PO1_NC3_E9_1_val_1	303.0	783.0	4857.0	5296.0	10676.0	15385.0	17046.0	17483.0	18461.0	18839.0	19622.0	19572.0	20842.0	20735.0	21695.0	21182.0	22364.0	22079.0	23289.0	23617.0	25128.0	689311.0	688118.0
	22	27	32	37	42	47	52	57	62	67	72	77	82	87	92	97	102	107	112	117	120
45982_45001_PO1_NC3_E9_2_val_2	2509.0	2521.0	8955.0	15370.0	17341.0	17814.0	18653.0	19064.0	19818.0	19759.0	21134.0	20884.0	21898.0	21477.0	22714.0	22520.0	23734.0	24507.0	30356.0	723748.0	651907.0
	22	27	32	37	42	47	52	57	62	67	72	77	82	87	92	97	102	107	112	117	122	127	130
45982_45001_PO2_NC4_F8_1_val_1	493.0	1496.0	6375.0	7265.0	16342.0	26464.0	30050.0	31963.0	34659.0	36728.0	40966.0	41122.0	45598.0	45988.0	50846.0	50949.0	56250.0	56791.0	61320.0	64068.0	74032.0	2414752.0	2445004.0
	22	27	32	37	42	47	52	57	62	67	72	77	82	87	92	97	102	107	112	117	120
45982_45001_PO2_NC4_F8_2_val_2	3663.0	3852.0	12719.0	26611.0	30648.0	32511.0	35132.0	37210.0	41263.0	41432.0	45976.0	46524.0	51225.0	51672.0	56963.0	57681.0	62382.0	66406.0	91078.0	2535786.0	2308787.0
	22	27	32	37	42	47	52	57	62	67	72	77	82	87	92	97	102	107	112	117	122	127	130
45982_45001_SO1_NC1_B9_1_val_1	1832.0	4075.0	20911.0	22645.0	55543.0	84596.0	93268.0	98492.0	105331.0	109177.0	117961.0	120337.0	129060.0	129937.0	139224.0	139373.0	148786.0	149690.0	160631.0	163577.0	178639.0	7386719.0	7410289.0
	22	27	32	37	42	47	52	57	62	67	72	77	82	87	92	97	102	107	112	117	120
45982_45001_SO1_NC1_B9_2_val_2	8465.0	7125.0	46098.0	85822.0	95082.0	100362.0	106890.0	110624.0	119525.0	121885.0	130956.0	132350.0	142003.0	142458.0	152427.0	153462.0	164932.0	172228.0	233290.0	7673913.0	7070196.0
	22	27	32	37	42	47	52	57	62	67	72	77	82	87	92	97	102	107	112	117	122	127	130
45982_45001_SO2_NC1_C10_1_val_1	197.0	480.0	1847.0	2037.0	4795.0	7298.0	7900.0	8183.0	9023.0	8961.0	9923.0	10051.0	10753.0	10802.0	11501.0	11409.0	11851.0	12006.0	12864.0	13102.0	14598.0	498799.0	503635.0
	22	27	32	37	42	47	52	57	62	67	72	77	82	87	92	97	102	107	112	117	120
45982_45001_SO2_NC1_C10_2_val_2	1069.0	1265.0	4234.0	7405.0	8089.0	8426.0	9205.0	9175.0	10142.0	10217.0	10949.0	10940.0	11633.0	11674.0	12117.0	12239.0	13178.0	13752.0	18080.0	519319.0	478907.0
	22	27	32	37	42	47	52	57	62	67	72	77	82	87	92	97	102	107	112	117	122	127	130
45982_45001_SO3_NC1_D9_1_val_1	260.0	693.0	3594.0	4012.0	9025.0	13907.0	15306.0	15951.0	17147.0	18152.0	19071.0	19368.0	20950.0	21067.0	22614.0	22713.0	24130.0	24287.0	25653.0	26086.0	28614.0	941736.0	958716.0
	22	27	32	37	42	47	52	57	62	67	72	77	82	87	92	97	102	107	112	117	120
45982_45001_SO3_NC1_D9_2_val_2	2057.0	2056.0	7864.0	13926.0	15694.0	16316.0	17448.0	18486.0	19374.0	19630.0	21308.0	21456.0	22876.0	23084.0	24474.0	24706.0	26171.0	26970.0	34930.0	984068.0	910158.0
	22	27	32	37	42	47	52	57	62	67	72	77	82	87	92	97	102	107	112	117	122	127	130
46363_44664_PO1_NC5_L9_1_val_1	970.0	2869.0	19110.0	20972.0	44667.0	67654.0	73944.0	77007.0	82119.0	83150.0	88720.0	88189.0	94105.0	93133.0	98398.0	96749.0	102709.0	101646.0	107342.0	108255.0	116283.0	3307442.0	3266538.0
	22	27	32	37	42	47	52	57	62	67	72	77	82	87	92	97	102	107	112	117	120
46363_44664_PO1_NC5_L9_2_val_2	9578.0	9286.0	36558.0	67720.0	74532.0	77595.0	82512.0	83575.0	89055.0	88565.0	94601.0	93479.0	98951.0	97599.0	103712.0	102765.0	108672.0	111022.0	135810.0	3424024.0	3152360.0
	22	27	32	37	42	47	52	57	62	67	72	77	82	87	92	97	102	107	112	117	122	127	130
46363_44664_SO1_NC1_I9_1_val_1	7452.0	21924.0	107604.0	119347.0	295084.0	438635.0	478452.0	493967.0	528033.0	532128.0	569749.0	568025.0	609331.0	600437.0	641895.0	629371.0	668047.0	658948.0	702959.0	702663.0	762339.0	22870211.0	22867207.0
	22	27	32	37	42	47	52	57	62	67	72	77	82	87	92	97	102	107	112	117	120
46363_44664_SO1_NC1_I9_2_val_2	41253.0	37258.0	240250.0	440946.0	484177.0	499365.0	532511.0	536760.0	574535.0	573034.0	614649.0	606792.0	648959.0	638391.0	678581.0	669474.0	715558.0	725752.0	913750.0	23660545.0	22041268.0
	22	27	32	37	42	47	52	57	62	67	72	77	82	87	92	97	102	107	112	117	122	127	130
46363_44664_SO2_NC1_J9_1_val_1	1214.0	3788.0	21709.0	22580.0	60558.0	90583.0	97772.0	101216.0	107636.0	108454.0	115364.0	115242.0	120372.0	119588.0	125746.0	122796.0	129457.0	127557.0	134509.0	135318.0	144529.0	3817311.0	3829787.0
	22	27	32	37	42	47	52	57	62	67	72	77	82	87	92	97	102	107	112	117	120
46363_44664_SO2_NC1_J9_2_val_2	7620.0	6443.0	49490.0	90368.0	98390.0	101681.0	108004.0	108841.0	116030.0	115736.0	121010.0	120367.0	126690.0	123954.0	130764.0	128975.0	136394.0	138536.0	168350.0	3986541.0	3668902.0
	22	27	32	37	42	47	52	57	62	67	72	77	82	87	92	97	102	107	112	117	122	127	130
46363_44664_SO3_NC1_K9_1_val_1	679.0	1787.0	11415.0	12843.0	31109.0	46602.0	51117.0	53165.0	56111.0	57378.0	60891.0	60764.0	63956.0	63978.0	67224.0	65427.0	69279.0	68584.0	72513.0	72334.0	78107.0	1964593.0	1937731.0
	22	27	32	37	42	47	52	57	62	67	72	77	82	87	92	97	102	107	112	117	120
46363_44664_SO3_NC1_K9_2_val_2	5645.0	5538.0	26045.0	46846.0	51751.0	53704.0	56571.0	57904.0	61359.0	61143.0	64411.0	64413.0	67769.0	66107.0	70088.0	69393.0	73529.0	74286.0	90644.0	2033644.0	1866797.0
	22	27	32	37	42	47	52	57	62	67	72	77	82	87	92	97	102	107	112	117	122	127	130
46363_44914_PO1_NC4_H9_1_val_1	1189.0	3401.0	17492.0	19631.0	48765.0	72250.0	78700.0	80426.0	85646.0	86735.0	92250.0	92416.0	97475.0	96674.0	101868.0	101002.0	106189.0	104914.0	110462.0	111795.0	119141.0	3351865.0	3347090.0
	22	27	32	37	42	47	52	57	62	67	72	77	82	87	92	97	102	107	112	117	120
46363_44914_PO1_NC4_H9_2_val_2	7092.0	6473.0	40153.0	72445.0	79462.0	81250.0	86202.0	87407.0	92860.0	93070.0	98169.0	97643.0	102878.0	102202.0	107591.0	106361.0	112359.0	115005.0	140775.0	3448286.0	3249693.0
	22	27	32	37	42	47	52	57	62	67	72	77	82	87	92	97	102	107	112	117	122	127	130
46363_44914_SO1_NC1_F9_1_val_1	2235.0	5360.0	27441.0	29475.0	71164.0	105424.0	114989.0	119754.0	127320.0	130025.0	138440.0	139099.0	148367.0	149359.0	158448.0	156380.0	166102.0	165718.0	175779.0	176032.0	192630.0	7514665.0	7401988.0
	22	27	32	37	42	47	52	57	62	67	72	77	82	87	92	97	102	107	112	117	120
46363_44914_SO1_NC1_F9_2_val_2	13974.0	13351.0	61153.0	108488.0	118686.0	123109.0	130332.0	133298.0	141689.0	142332.0	151593.0	153148.0	162155.0	161163.0	171377.0	170955.0	181921.0	187239.0	256585.0	7647317.0	7186329.0
	22	27	32	37	42	47	52	57	62	67	72	77	82	87	92	97	102	107	112	117	122	127	130
46363_44914_SO2_NC1_G9_1_val_1	1522.0	4424.0	24335.0	27085.0	58481.0	87443.0	95063.0	98066.0	104063.0	104995.0	112004.0	111416.0	116882.0	116961.0	123352.0	121963.0	127879.0	127966.0	135086.0	135333.0	147870.0	4817297.0	4823814.0
	22	27	32	37	42	47	52	57	62	67	72	77	82	87	92	97	102	107	112	117	120
46363_44914_SO2_NC1_G9_2_val_2	12471.0	12523.0	48506.0	88082.0	96756.0	99545.0	105108.0	105902.0	113225.0	112593.0	118089.0	118052.0	124756.0	123970.0	130263.0	130098.0	137793.0	140237.0	179960.0	5078425.0	4546946.0
	22	27	32	37	42	47	52	57	62	67	72	77	82	87	92	97	102	107	112	117	122	127	130
46363_44914_SO3_NC1_I6_1_val_1	319.0	719.0	3557.0	4120.0	8384.0	12870.0	14611.0	15112.0	16494.0	16979.0	18786.0	19294.0	21241.0	22023.0	24451.0	25596.0	28056.0	28969.0	31651.0	32970.0	37152.0	1058354.0	1061793.0
	22	27	32	37	42	47	52	57	62	67	72	77	82	87	92	97	102	107	112	117	120
46363_44914_SO3_NC1_I6_2_val_2	2706.0	2724.0	7181.0	13244.0	15117.0	15570.0	16842.0	17464.0	19199.0	19722.0	21552.0	22361.0	24789.0	26089.0	28660.0	29445.0	32275.0	34076.0	44820.0	1106403.0	1003262.0
	22	27	32	37	42	47	52	57	62	67	72	77	82	87	92	97	102	107	112	117	122	127	130
46606_44938_PO1_NC4_P9_1_val_1	322.0	919.0	4275.0	4703.0	11299.0	15959.0	17307.0	17726.0	18847.0	18631.0	19738.0	19616.0	20746.0	20416.0	21496.0	20863.0	22155.0	21969.0	22739.0	22973.0	25039.0	664053.0	674042.0
	22	27	32	37	42	47	52	57	62	67	72	77	82	87	92	97	102	107	112	117	120
46606_44938_PO1_NC4_P9_2_val_2	2072.0	1996.0	9538.0	16165.0	17591.0	18002.0	19099.0	18926.0	19997.0	19906.0	20987.0	20727.0	21703.0	21238.0	22635.0	22373.0	23275.0	23867.0	30322.0	701296.0	634118.0
	22	27	32	37	42	47	52	57	62	67	72	77	82	87	92	97	102	107	112	117	122	127	130
46606_44938_PO2_NC3_A10_1_val_1	473.0	1060.0	4104.0	4878.0	12060.0	18497.0	20109.0	21523.0	23178.0	23632.0	26075.0	25933.0	28428.0	28264.0	30384.0	30534.0	32706.0	32953.0	35175.0	35603.0	39715.0	1551296.0	1547307.0
	22	27	32	37	42	47	52	57	62	67	72	77	82	87	92	97	102	107	112	117	120
46606_44938_PO2_NC3_A10_2_val_2	2605.0	2647.0	10667.0	19159.0	21069.0	22366.0	23974.0	24526.0	26790.0	26585.0	29101.0	29016.0	31155.0	31466.0	33785.0	34028.0	36409.0	37997.0	52036.0	1631436.0	1447070.0
	22	27	32	37	42	47	52	57	62	67	72	77	82	87	92	97	102	107	112	117	122	127	130
46606_44938_PO3_NC5_B10_1_val_1	810.0	2232.0	12234.0	13570.0	29317.0	43900.0	47473.0	49102.0	53244.0	53997.0	58415.0	58260.0	63017.0	63006.0	66715.0	66449.0	70519.0	70175.0	75204.0	75847.0	83296.0	3064769.0	3087990.0
	22	27	32	37	42	47	52	57	62	67	72	77	82	87	92	97	102	107	112	117	120
46606_44938_PO3_NC5_B10_2_val_2	6869.0	7081.0	24589.0	44256.0	48588.0	50147.0	53993.0	54889.0	59368.0	59119.0	63893.0	63864.0	67587.0	67685.0	72006.0	71571.0	76828.0	78928.0	103050.0	3180853.0	2954377.0
	22	27	32	37	42	47	52	57	62	67	72	77	82	87	92	97	102	107	112	117	122	127	130
46606_44938_SO1_NC1_M9_1_val_1	5585.0	14797.0	85589.0	93906.0	208319.0	309443.0	335119.0	345725.0	369242.0	374246.0	402291.0	404130.0	428146.0	424985.0	455425.0	447343.0	473918.0	469659.0	498063.0	502309.0	544506.0	18250614.0	18251714.0
	22	27	32	37	42	47	52	57	62	67	72	77	82	87	92	97	102	107	112	117	120
46606_44938_SO1_NC1_M9_2_val_2	38484.0	36206.0	172844.0	312325.0	340886.0	351029.0	374542.0	379355.0	407986.0	409746.0	434490.0	432205.0	462271.0	456745.0	485134.0	481104.0	510996.0	525686.0	683964.0	18930177.0	17468899.0
	22	27	32	37	42	47	52	57	62	67	72	77	82	87	92	97	102	107	112	117	122	127	130
46606_44938_SO2_NC1_N9_1_val_1	808.0	2459.0	10984.0	12459.0	29973.0	44143.0	48926.0	50697.0	54203.0	54839.0	58306.0	57971.0	61152.0	60373.0	65173.0	63440.0	66748.0	65811.0	69768.0	69837.0	74555.0	1883288.0	1913127.0
	22	27	32	37	42	47	52	57	62	67	72	77	82	87	92	97	102	107	112	117	120
46606_44938_SO2_NC1_N9_2_val_2	4888.0	4771.0	24012.0	44038.0	49367.0	50995.0	54344.0	55064.0	58534.0	58244.0	61384.0	60675.0	65505.0	63844.0	67414.0	66421.0	70521.0	71335.0	86101.0	1958656.0	1842927.0
	22	27	32	37	42	47	52	57	62	67	72	77	82	87	92	97	102	107	112	117	122	127	130
46606_44938_SO3_NC1_O9_1_val_1	412.0	962.0	6043.0	6387.0	14851.0	22805.0	24171.0	24659.0	26622.0	26883.0	28384.0	28339.0	30111.0	30446.0	32392.0	31743.0	33752.0	33007.0	34817.0	35386.0	38432.0	1148469.0	1145141.0
	22	27	32	37	42	47	52	57	62	67	72	77	82	87	92	97	102	107	112	117	120
46606_44938_SO3_NC1_O9_2_val_2	2776.0	2996.0	12945.0	22511.0	24521.0	25216.0	26985.0	27329.0	28756.0	28651.0	30804.0	30881.0	32494.0	32338.0	34333.0	33424.0	35660.0	36854.0	46630.0	1196727.0	1091383.0
	22	27	32	37	42	47	52	57	62	67	72	77	82	87	92	97	102	107	112	117	122	127	130
46606_44993_PO1_NC5_C9_1_val_1	300.0	471.0	1926.0	4553.0	5581.0	8234.0	5509.0	4330.0	4788.0	5130.0	5316.0	6228.0	8241.0	7281.0	8166.0	6808.0	5769.0	5547.0	6002.0	6204.0	7793.0	170324.0	169004.0
	22	27	32	37	42	47	52	57	62	67	72	77	82	87	92	97	102	107	112	117	120
46606_44993_PO1_NC5_C9_2_val_2	5592.0	6679.0	8964.0	7310.0	5388.0	5089.0	5631.0	6644.0	8792.0	8803.0	8734.0	7695.0	6608.0	5602.0	5734.0	5569.0	6152.0	6118.0	7903.0	173247.0	151251.0
	22	27	32	37	42	47	52	57	62	67	72	77	82	87	92	97	102	107	112	117	122	127	130
46606_44993_PO2_NC5_D10_1_val_1	711.0	1580.0	7106.0	8101.0	19661.0	29336.0	32867.0	34468.0	37494.0	39103.0	42100.0	43266.0	46106.0	46779.0	50257.0	49947.0	53511.0	54229.0	58334.0	59101.0	65079.0	2642735.0	2670359.0
	22	27	32	37	42	47	52	57	62	67	72	77	82	87	92	97	102	107	112	117	120
46606_44993_PO2_NC5_D10_2_val_2	4004.0	3966.0	17131.0	30169.0	33981.0	35643.0	38648.0	40164.0	43164.0	44248.0	47166.0	47938.0	51303.0	51279.0	55057.0	55973.0	60080.0	62749.0	91213.0	2779295.0	2499059.0
	22	27	32	37	42	47	52	57	62	67	72	77	82	87	92	97	102	107	112	117	122	127	130
46606_44993_PO3_NC5_E10_1_val_1	1114.0	2777.0	11990.0	13246.0	34761.0	54175.0	59988.0	62808.0	68543.0	69869.0	74776.0	75512.0	81254.0	80828.0	87212.0	85834.0	91775.0	91639.0	97754.0	99111.0	108948.0	3731014.0	3700727.0
	22	27	32	37	42	47	52	57	62	67	72	77	82	87	92	97	102	107	112	117	120
46606_44993_PO3_NC5_E10_2_val_2	5763.0	5429.0	29097.0	54922.0	61238.0	63888.0	69465.0	70749.0	75642.0	76442.0	82047.0	81861.0	88283.0	87142.0	93215.0	93132.0	99651.0	102765.0	132987.0	3881564.0	3530373.0
	22	27	32	37	42	47	52	57	62	67	72	77	82	87	92	97	102	107	112	117	122	127	130
46606_44993_PO4_NC5_F10_1_val_1	1746.0	4372.0	25011.0	27766.0	55736.0	81470.0	88198.0	91516.0	96999.0	98181.0	104648.0	104826.0	112205.0	111172.0	117370.0	115605.0	123015.0	121050.0	129408.0	130650.0	144067.0	4776445.0	4760877.0
	22	27	32	37	42	47	52	57	62	67	72	77	82	87	92	97	102	107	112	117	120
46606_44993_PO4_NC5_F10_2_val_2	14444.0	14665.0	46591.0	82839.0	90629.0	93593.0	98672.0	99994.0	106512.0	106445.0	113703.0	112936.0	119116.0	117809.0	125572.0	123702.0	132432.0	136128.0	177683.0	4995612.0	4513256.0

