Sample	1.0	2.0	3.0	4.0	5.0	6.0	7.0	8.0	9.0	>10	>50	>100	>500	>1k	>5k	>10k+
38897_44643_SO1_NC1_A1_1_val_1										0.8466834690266298	0.3207747882960554	0.3231281646498511	0.0	0.0	0.0	0.0
38897_44643_SO1_NC1_A1_2_val_2										0.5147890117036232	0.6336044309309957	0.9179897621863273	0.0	0.030948270258913793	0.0	0.0
38897_44643_SO2_NC1_B1_1_val_1										1.0849704008711967	0.42884394806983683	0.47162687766855	0.0	0.0	0.0	0.0
38897_44643_SO2_NC1_B1_2_val_2										0.7316379534284724	1.2976550942267457	0.5014865466334588	0.0376571321802911	0.0	0.0	0.0
38897_44643_SO3_NC1_C2_1_val_1										1.339818030358687	0.4775489333725584	0.8872623601135344	0.06994160076714533	0.0	0.0	0.0
38897_44643_SO3_NC1_C2_2_val_2										1.0578622263212905	0.26104417659635176	2.228914514603788	0.22005676525137652	0.07391021631273467	0.0	0.0
38897_44700_PO1_NC5_D1_1_val_1										2.1691228927480584	0.563066859716757	0.7024661401596779	0.028562186695443244	0.0	0.0	0.0
38897_44700_PO1_NC5_D1_2_val_2										5.0730724792389745	0.2570532270099484	1.9785179528915693	0.4813481142537874	0.08428863414481523	0.0	0.0
38897_44700_SO1_NC1_E1_1_val_1										1.2853213790993774	0.39653755426842646	0.2321136303660521	0.0	0.0	0.0	0.0
38897_44700_SO1_NC1_E1_2_val_2										0.6147663517043893	0.45368662920524355	1.905120555274145	0.012952286435668448	0.03531353510648976	0.0	0.0
38897_44700_SO2_NC1_F1_1_val_1										1.3020869061025602	0.31497921860989997	0.10853160018641826	0.0	0.0	0.0	0.0
38897_44700_SO2_NC1_F1_2_val_2										0.83625195269343	1.1305326034970853	0.9587398683309479	0.0	0.04499186504338057	0.0	0.0
38897_44700_SO3_NC1_G1_1_val_1										1.3086865849757572	0.5130560142575996	0.8560659061038952	0.07014531438334247	0.0	0.0	0.0
38897_44700_SO3_NC1_G1_2_val_2										0.8634023201855215	0.2125003915321195	2.2072005768303744	0.074978691904967	0.03865341326619311	0.0	0.0
38897_44700_SO4_NC1_H1_1_val_1										1.2455947388672082	0.4354808076545229	0.28393460804481	0.0	0.0	0.0	0.0
38897_44700_SO4_NC1_H1_2_val_2										0.6994581682061413	0.7803685680580378	1.3529325164055568	0.0	0.035033096567209515	0.0	0.0
39053_45005_PO1_NC2_I1_1_val_1										1.415123834171305	0.2969370169714762	0.23268764210153461	0.0	0.0	0.0	0.0
39053_45005_PO1_NC2_I1_2_val_2										1.9758391933699784	0.9621519752986257	0.2872823470261607	0.0	0.04631993115371231	0.0	0.0
39053_45005_SO1_NC1_J1_1_val_1										1.532351559352001	0.05295054451750991	0.0	0.0	0.0	0.0	0.0
39053_45005_SO1_NC1_J1_2_val_2										3.6745562504335547	0.017721723837669998	0.08415343721798603	0.0	0.0	0.0	0.0
39053_45005_SO2_NC1_K1_1_val_1										1.8651305269078076	0.14405934545123025	0.019085064106643485	0.0	0.0	0.0	0.0
39053_45005_SO2_NC1_K1_2_val_2										5.236303312024496	0.8295176432916631	0.2567048151176712	0.0	0.04551901981446122	0.0	0.0
41237_44641_PO1_NC4_N2_1_val_1										1.4347701254168934	0.40514930727966936	0.8843060187093912	0.4224896636859211	0.33342592310988767	0.0	0.0
41237_44641_PO1_NC4_N2_2_val_2										2.7720867938935556	0.37515585037070676	0.4693687100419423	0.43413742339152467	1.5283658903163415	0.03448830744859862	0.033229856402704434
41237_44641_SO1_NC1_K2_1_val_1										1.232129998536385	0.4384044118353435	0.9644452541132708	0.3162938773078161	0.10638275959667966	0.0	0.0
41237_44641_SO1_NC1_K2_2_val_2										1.874511961717557	0.2583860650741537	0.6366530691179674	1.211987079837623	0.536185452206963	0.028749967279588312	0.0
41237_44641_SO2_NC1_L2_1_val_1										1.455675558122542	0.45032643832027375	0.8330317230146785	0.056146424109547614	0.0	0.0	0.0
41237_44641_SO2_NC1_L2_2_val_2										1.6603776653700844	0.19523778064512504	1.9062964669014069	0.20545217936856838	0.06778277297625046	0.0	0.0
41237_44641_SO3_NC1_M2_1_val_1										1.2345533334283363	0.3882684474122195	0.49008028792371083	0.006158363381015525	0.0	0.0	0.0
41237_44641_SO3_NC1_M2_2_val_2										0.9449342984921375	0.20241900240828936	1.8797969613867804	0.1646568191615588	0.07150006354832276	0.0	0.0
41299_44636_SOe_NC1_L1_1_val_1										0.9967069593749052	0.23913975728235853	0.10283472267946807	0.0	0.0	0.0	0.0
41299_44636_SOe_NC1_L1_2_val_2										1.146125906178203	0.6983586877669932	0.12927093966122302	0.03592802691009639	0.0	0.0	0.0
41299_44963_PO1_NC3_N1_1_val_1										2.725975573173388	0.18707030197031665	0.013917305958278416	0.0	0.0	0.0	0.0
41299_44963_PO1_NC3_N1_2_val_2										10.622845057174523	0.7489310457394025	0.20542779848224477	0.0	0.038268774572741554	0.0	0.0
41299_44963_PO2_NC4_M1_1_val_1										1.3178228840981516	0.24217216598569102	0.10574750138775614	0.0	0.0	0.0	0.0
41299_44963_PO2_NC4_M1_2_val_2										1.2101638730438946	1.1037484948750296	0.30539593711987445	0.04259515383916063	0.0	0.0	0.0
41299_44963_PO3_NC3_O1_1_val_1										3.981098231894589	0.5533896741193343	0.24528384595390246	0.0	0.0	0.0	0.0
41299_44963_PO3_NC3_O1_2_val_2										12.011744878834046	0.9126195901769054	0.33223319601652934	0.0498047576589394	0.05302923062902331	0.0	0.0
41299_44963_SO1_NC1_P1_1_val_1										1.2120595590848477	0.4180021942532775	0.49389650503156673	0.02114330125828164	0.0	0.0	0.0
41299_44963_SO1_NC1_P1_2_val_2										0.746024316818382	0.32162033838121223	2.0760548376142536	0.03146094332715016	0.034087412469777104	0.0	0.0
41299_44963_SO2_NC1_A2_1_val_1										1.1373052710475606	0.21349574095821944	0.11022578776247453	0.0	0.0	0.0	0.0
41299_44963_SO2_NC1_A2_2_val_2										1.3443853583198622	0.7816416969359641	0.13517328316485247	0.04616588528557635	0.0	0.0	0.0
41299_44963_SO3_NC1_B2_1_val_1										1.0355632615140404	0.037904828031414636	0.0	0.0	0.0	0.0	0.0
41299_44963_SO3_NC1_B2_2_val_2										1.8022631214723122	0.05736894584593428	0.07264489401285433	0.0	0.0	0.0	0.0
41299_45019_EO1_NC8_C1_1_val_1										0.2870178612779072	0.0	0.0	0.0	0.0	0.0	0.0
41299_45019_EO1_NC8_C1_2_val_2										1.3552497430082284	0.0	0.03822599889914312	0.0	0.0	0.0	0.0
41299_45019_EO2_NC8_D2_1_val_1										1.252046086690474	0.4357322841706584	0.974920695838643	0.17803238318419728	0.04944704949382423	0.0	0.0
41299_45019_EO2_NC8_D2_2_val_2										1.6662817790409754	0.22616471623646164	0.8605533010058697	1.3661677993189256	0.3110492416996441	0.037599370346825096	0.0
41299_45019_EO3_NC8_E2_1_val_1										1.1575866750699988	0.3238029896282728	0.708514850251781	0.2836463259459756	0.23378730885523055	0.0	0.0
41299_45019_EO3_NC8_E2_2_val_2										1.463472753261146	0.17119240496405283	0.8507387770709437	0.7669148861244017	0.17196088565682371	0.03440180365346908	0.0
41299_45019_EO4_NC8_F2_1_val_1										1.4640715268639086	0.38418465762690246	0.8526386042369114	0.2006466328069838	0.06940228865641399	0.0	0.0
41299_45019_EO4_NC8_F2_2_val_2										2.5184884694068077	0.18668752807424466	1.0417812219465468	0.9495909303651995	0.18663820931725678	0.0311206241169853	0.0
41299_45019_EO5_NC8_G2_1_val_1										1.0945233011430773	0.36016205631326675	0.7597523758110144	0.14965844951906962	0.017087038785942695	0.0	0.0
41299_45019_EO5_NC8_G2_2_val_2										1.41621880079968	0.17884715466763557	1.2073705387900702	0.6603031043989799	0.08970981081776352	0.03552526385540904	0.0
41299_45019_EO6_NC8_H2_1_val_1										1.2703606206705096	0.3562176677486102	0.3654367631771161	0.006983863084859269	0.0	0.0	0.0
41299_45019_EO6_NC8_H2_2_val_2										1.1252643567232679	0.2885528255747741	1.6199975028191986	0.03571092725502147	0.05245300169559736	0.0	0.0
41299_45019_EO7_NC8_I2_1_val_1										0.48747677433268016	0.0	0.0	0.0	0.0	0.0	0.0
41299_45019_EO7_NC8_I2_2_val_2										1.9251231107360507	0.01241555096381977	0.03140404067319118	0.0	0.0	0.0	0.0
41299_45019_EO8_NC8_J2_1_val_1										1.3694373538122175	0.48522911752846426	0.8915227634848755	0.12296728594994638	0.028853053794638275	0.0	0.0
41299_45019_EO8_NC8_J2_2_val_2										2.014997286158044	0.23196023590964385	1.3256080285520595	0.9067562591100007	0.11164360167149731	0.03544928796975422	0.0
41391_44650_PO1_NC4_F3_1_val_1										1.6295928368876123	0.42817354902367993	0.8163150990315183	0.09328805588896306	0.09813418789031297	0.0	0.0
41391_44650_PO1_NC4_F3_2_val_2										3.1768665489002688	0.22755098043619224	1.7423832378788604	0.33850132054931326	0.10151462951250051	0.0	0.0
41391_44650_PO2_NC4_G3_1_val_1										1.534981767829467	0.5989486992313697	0.8304461780537764	0.025090307206310117	0.0	0.0	0.0
41391_44650_PO2_NC4_G3_2_val_2										1.900261563859396	0.20036849235057203	1.6880954013366312	0.8882537539609403	0.15098827394227846	0.0	0.0
41391_44650_PO3_NC3_E3_1_val_1										1.561532835788181	0.5712889619671152	1.081129760145507	0.22168821372913855	0.044400577576635465	0.0	0.0
41391_44650_PO3_NC3_E3_2_val_2										3.139334190409028	0.3248761004801629	0.562597555212933	1.296251757244283	1.2076753150957873	0.026421058280328563	0.0
41391_44650_SO1_NC1_B3_1_val_1										0.6494885071738377	0.05520841920031194	0.0	0.0	0.0	0.0	0.0
41391_44650_SO1_NC1_B3_2_val_2										1.8179901722210512	0.044126743130024154	0.03831003608106642	0.0	0.0	0.0	0.0
41391_44650_SO2_NC1_C4_1_val_1										1.3753333051457595	0.49840009295831955	0.7151485771073811	0.013228017690693592	0.0	0.0	0.0
41391_44650_SO2_NC1_C4_2_val_2										0.9821678513697994	0.24334225628763365	2.2585906181460724	0.21122741858378577	0.061123934252683	0.0	0.0
41391_44650_SO3_NC1_D3_1_val_1										1.2548765823977954	0.45578939300065857	0.45460286936896993	0.0	0.0	0.0	0.0
41391_44650_SO3_NC1_D3_2_val_2										0.6218014575993319	0.32805539904148207	2.1510239808409546	0.04113166143528641	0.02218290208455467	0.0	0.0
41391_44923_PO1_NC3_H3_1_val_1										1.4207417486725136	0.3872471075821988	0.8000906314749598	0.3506206421105641	0.5207061075100285	0.02962203197766956	0.0
41391_44923_PO1_NC3_H3_2_val_2										2.3727797068691903	0.32032850815216984	0.5089840001688382	0.6000712041959286	1.5509401225772954	0.05787244251561294	0.03586061589785105
41391_44923_PO2_NC3_I3_1_val_1										1.506694672241598	0.5422244628676384	0.9070254614425619	0.18303366005539343	0.031670187472802515	0.0	0.0
41391_44923_PO2_NC3_I3_2_val_2										2.8245682504386003	0.2265484119820653	0.992890410260429	1.35538302283779	0.25868031289033616	0.0	0.0
41391_44923_PO3_NC5_J3_1_val_1										2.8226096429978433	0.4678799575868955	0.36848284272989934	0.01055464559077806	0.0	0.0	0.0
41391_44923_PO3_NC5_J3_2_val_2										7.9276569541186035	0.6959066575800916	0.6940333451418335	0.0315755368802289	0.055469990013598515	0.0	0.0
41391_44923_PO4_NC4_K3_1_val_1										1.7840000706105172	0.33137226628957	0.17650891298537139	0.0	0.0	0.0	0.0
41391_44923_PO4_NC4_K3_2_val_2										2.6413663290928593	0.6697402548647697	1.4312627598948535	0.034560932183712104	0.02517070008016295	0.0	0.0
41391_44923_SO1_NC1_O2_1_val_1										3.2448305475510475	0.4524112959534757	0.13834445907927875	0.0	0.0	0.0	0.0
41391_44923_SO1_NC1_O2_2_val_2										9.419214942306125	0.7502579096134158	0.223392154490301	0.0	0.04638419832657488	0.0	0.0
41391_44923_SO2_NC1_P2_1_val_1										1.7447867876997358	0.13978746310217977	0.009091644955635242	0.0	0.0	0.0	0.0
41391_44923_SO2_NC1_P2_2_val_2										4.6955501897717244	0.7565106099078249	0.1741792838285012	0.03674058223656404	0.0	0.0	0.0
41391_44923_SO3_NC1_A3_1_val_1										0.030817997710663025	0.0	0.0	0.0	0.0	0.0	0.0
41391_44923_SO3_NC1_A3_2_val_2										0.054298376918787236	0.0	0.0	0.0	0.0	0.0	0.0
41460_44643_PO1_NC5_O3_1_val_1										1.5444037011740475	0.4280511177301131	0.9986651020564393	0.11415660251589888	0.04346647560537842	0.0	0.0
41460_44643_PO1_NC5_O3_2_val_2										2.809260873632051	0.201198153592231	1.5007107869634486	0.8230057895673776	0.12521625985142107	0.0	0.0
41460_44643_PO2_NC5_P3_1_val_1										1.514691973830986	0.3343246338144649	0.7074652585085234	0.21081941646897834	0.1446775756207161	0.0	0.0
41460_44643_PO2_NC5_P3_2_val_2										2.886522872650425	0.206197338167526	1.158732922473362	0.46074934067854756	0.10210588023795983	0.0	0.0
41460_44643_PO3_NC5_A4_1_val_1										1.3290658226760468	0.44500704752542963	0.943716152727931	0.14001921927617503	0.03358020285113015	0.0	0.0
41460_44643_PO3_NC5_A4_2_val_2										1.360059903923423	0.22092097794490614	1.8798984183692125	0.53612283004952	0.06423486044602551	0.0	0.0
41460_44643_SO1_NC1_L3_1_val_1										0.913375105075974	0.2252655989977081	0.11284893465076978	0.0	0.0	0.0	0.0
41460_44643_SO1_NC1_L3_2_val_2										1.5674633102766833	0.4611617880602624	0.12540999165820957	0.0	0.0	0.0	0.0
41460_44643_SO2_NC1_M3_1_val_1										1.152277334626952	0.4224620380667274	0.5129179655824729	0.03870342522643666	0.0	0.0	0.0
41460_44643_SO2_NC1_M3_2_val_2										0.6574393325747641	0.20064573419483414	1.9275146713116653	0.03378927301304534	0.04538931769628798	0.0	0.0
41460_44643_SO3_NC1_N3_1_val_1										1.1599727692952078	0.4480479124382665	0.6001509910631456	0.05244965484560008	0.0	0.0	0.0
41460_44643_SO3_NC1_N3_2_val_2										0.6958496634231568	0.1954015251199899	1.9969199123615637	0.021687403132804414	0.06694946129345081	0.0	0.0
41460_45001_PO1_NC5_E4_1_val_1										1.65433032442452	0.4082092672623041	0.571991813896138	0.009690653301724464	0.0	0.0	0.0
41460_45001_PO1_NC5_E4_2_val_2										3.5347941999137924	0.20571134281490525	1.9031264227374989	0.534706533831671	0.0708865179965165	0.0	0.0
41460_45001_PO2_NC3_F4_1_val_1										1.7084961587187661	0.23300177971466704	0.047005950499089545	0.0	0.0	0.0	0.0
41460_45001_PO2_NC3_F4_2_val_2										2.11516003134567	1.1229244837142602	0.38759222264802223	0.04847740193009068	0.0	0.0	0.0
41460_45001_PO3_NC4_G4_1_val_1										1.1133536765467638	0.44664044228489913	0.38167686983659943	0.0	0.0	0.0	0.0
41460_45001_PO3_NC4_G4_2_val_2										0.732058616028589	1.372600007668908	0.43232374197551376	0.02725324745234747	0.0	0.0	0.0
41460_45001_SO1_NC1_B4_1_val_1										1.2642908925181136	0.4349009721460708	0.39469277374828227	0.0	0.0	0.0	0.0
41460_45001_SO1_NC1_B4_2_val_2										0.6833332969070371	0.34663494983294213	2.0125969241479535	0.044724922871291165	0.02715596674823305	0.0	0.0
41460_45001_SO2_NC1_C3_1_val_1										1.338052315773905	0.39522935480522103	0.2969908575038519	0.0	0.0	0.0	0.0
41460_45001_SO2_NC1_C3_2_val_2										0.7628848694202571	0.26399667776156277	2.2537952503224257	0.02805647912545387	0.04724930027672408	0.0	0.0
41460_45001_SO3_NC1_D4_1_val_1										1.2480162246916022	0.254073254562497	0.06374212965448342	0.0	0.0	0.0	0.0
41460_45001_SO3_NC1_D4_2_val_2										1.1827931398241402	1.3586611375831896	0.24344925021621508	0.0	0.0	0.0	0.0
42111_44957_PO1_NC3_K4_1_val_1										1.2804970418136183	0.3289861453241817	0.2835384236574763	0.0	0.0	0.0	0.0
42111_44957_PO1_NC3_K4_2_val_2										1.3096630669696854	1.0243788650047894	0.46031612632389174	0.040803635065671036	0.03223519023142786	0.0	0.0
42111_44957_PO2_NC3_L4_1_val_1										1.7760035827527407	0.4698007757702989	0.6502548247963256	0.04448665149617061	0.0	0.0	0.0
42111_44957_PO2_NC3_L4_2_val_2										3.366490741283462	0.2413653449070363	2.0278352644135462	0.14930533982577704	0.0737296423295265	0.0	0.0
42111_44957_SO1_NC1_H4_1_val_1										1.3049658901383756	0.2578265445953671	0.16095306395314593	0.0	0.0	0.0	0.0
42111_44957_SO1_NC1_H4_2_val_2										1.132236808414588	0.9786608504626553	0.23635740556765988	0.06258398449013644	0.0	0.0	0.0
42111_44957_SO2_NC1_B5_1_val_1										1.4556660823893914	0.5180616927058859	0.6049107642589219	0.012423776651477425	0.0	0.0	0.0
42111_44957_SO2_NC1_B5_2_val_2										0.7588045456794139	0.2743183560391755	2.5715225109552535	0.024007538053477894	0.02170602385134149	0.0	0.0
42111_44957_SO3_NC1_J4_1_val_1										1.0384622493856535	0.4037733651296202	0.40619444805768945	0.040834977422352196	0.0	0.0	0.0
42111_44957_SO3_NC1_J4_2_val_2										0.6537023581040573	1.0246746584742126	0.5614674612552508	0.04931608612696702	0.0	0.0	0.0
42111_45019_EOo_NC8_M4_1_val_1										0.792585871292586	0.3263245107379353	0.5221185703984528	0.03838494371857869	0.0	0.0	0.0
42111_45019_EOo_NC8_M4_2_val_2										0.5156391179113538	0.603364650378929	0.9042542391797184	0.04551075976756831	0.027381302244809256	0.0	0.0
42473_44998_PO1_NC2_I4_1_val_1										2.3557177234681124	0.09176909065087734	0.0	0.0	0.0	0.0	0.0
42473_44998_PO1_NC2_I4_2_val_2										5.213456688368886	0.022306837748973924	0.12520925014750145	0.0	0.0	0.0	0.0
42473_44998_SO1_NC1_P4_1_val_1										0.6784370439737492	0.0	0.0	0.0	0.0	0.0	0.0
42473_44998_SO1_NC1_P4_2_val_2										0.7672774623646225	0.10133853276513881	0.0	0.0	0.0	0.0	0.0
42473_44998_SO2_NC1_A5_1_val_1										1.3944863122080775	0.40955972857951467	0.12541623445623473	0.0	0.0	0.0	0.0
42473_44998_SO2_NC1_A5_2_val_2										0.8044480116484253	0.9328323685151589	1.6105017710034624	0.028131182352142618	0.0	0.0	0.0
42473_45061_EO1_NC8_O4_1_val_1										1.5265852163556692	0.09135311482933015	0.06066661862819876	0.0	0.0	0.0	0.0
42473_45061_EO1_NC8_O4_2_val_2										2.295084166988157	0.30418446854892134	0.11286379675645195	0.0	0.0	0.0	0.0
42651_45042_PO1_NC3_E5_1_val_1										1.642994441116879	0.5816164581007813	0.6396089390677672	0.005168797868168386	0.0	0.0	0.0
42651_45042_PO1_NC3_E5_2_val_2										1.449013898552525	0.22231407875663647	2.1471339568491317	0.723938962294836	0.07594587784983253	0.0	0.0
42651_45042_PO2_NC4_N4_1_val_1										1.232910893381366	0.3563042420425027	0.4771147468193876	0.0	0.0	0.0	0.0
42651_45042_PO2_NC4_N4_2_val_2										0.7331494344103955	0.22828051176673297	1.9883739410295607	0.12171864831516223	0.05836677209369252	0.0	0.0
42651_45042_PO3_NC4_G5_1_val_1										1.603700908855973	0.42113078201653387	0.7407213431695827	0.15166774501021055	0.047537651421110765	0.0	0.0
42651_45042_PO3_NC4_G5_2_val_2										1.304805307682554	0.44203376054693916	1.4616772801707196	0.05652328936321953	0.03366654479474145	0.0	0.0
42651_45042_SO1_NC1_C6_1_val_1										1.1897821433552236	0.16556031790706324	0.00942577514255569	0.0	0.0	0.0	0.0
42651_45042_SO1_NC1_C6_2_val_2										0.7090556847990322	1.3959746187936866	0.8255095636528705	0.025991501892533016	0.0	0.0	0.0
42651_45042_SO2_NC1_D5_1_val_1										1.1130550481138068	0.30246810570698657	0.12656723773018236	0.0	0.0	0.0	0.0
42651_45042_SO2_NC1_D5_2_val_2										1.7051457325692638	0.38098482711696346	0.08771745250867655	0.0	0.0	0.0	0.0
42651_45042_SO3_NC1_F5_1_val_1										1.4429371050019661	0.5843886083695401	1.1319376568758457	0.23342589493846078	0.05565016077116086	0.0	0.0
42651_45042_SO3_NC1_F5_2_val_2										2.5275342740091844	0.3194769535241522	0.5505958462199987	1.0394231999035277	1.6943651014239152	0.0263476956480299	0.0
43028_44664_PO2_NC5_K5_1_val_1										1.4979539751093927	0.3963958860317006	0.9110738522397968	0.4462707567682529	0.3594828164633446	0.01539651179495484	0.0
43028_44664_PO2_NC5_K5_2_val_2										2.316382583312733	0.2675049047401204	0.5261020530149519	0.9092380685580566	1.3140009284847043	0.031900120711876374	0.0
43028_44664_SO1_NC1_H5_1_val_1										1.1644845749118675	0.4094552756395994	0.8204967162751258	0.07280942464542993	0.011545389521403045	0.0	0.0
43028_44664_SO1_NC1_H5_2_val_2										0.8712140456932794	0.19253630735737512	1.934391883158629	0.1545702179544588	0.050586616785095614	0.0	0.0
43028_44664_SO2_NC1_I5_1_val_1										1.1067172459290315	0.4312745789435739	0.600707017440406	0.017999127040761124	0.0	0.0	0.0
43028_44664_SO2_NC1_I5_2_val_2										0.7083850007624279	0.2886188970563651	1.9082485767767314	0.011846393834435823	0.021466510638257504	0.0	0.0
43028_44664_SO3_NC1_J5_1_val_1										1.3979753077513937	0.5812522002723366	1.0378155783077965	0.18325678630542566	0.015613782609757265	0.0	0.0
43028_44664_SO3_NC1_J5_2_val_2										1.7347006216803202	0.228408639554225	1.1447399500631168	1.441767556910644	0.3787604302968664	0.0	0.0
43051_44931_SO1_NC1_L5_1_val_1										1.6427964937884416	0.5131741003193612	1.1383172808210222	0.34620721476019345	0.19143258023851203	0.0	0.0
43051_44931_SO1_NC1_L5_2_val_2										3.145381089251589	0.3106578020839767	0.5447385326632982	1.3605994541307613	1.1356043151869828	0.03338321550051811	0.0
43051_45068_EO1_NC8_M5_1_val_1										1.158904045468539	0.28699337993444735	0.10031495648287947	0.0	0.0	0.0	0.0
43051_45068_EO1_NC8_M5_2_val_2										0.9551630814447231	0.9587457607928578	0.1364679406897249	0.03019090338718055	0.0	0.0	0.0
43051_45068_EO2_NC8_N5_1_val_1										0.0	0.0	0.0	0.0	0.0	0.0	0.0
43051_45068_EO2_NC8_N5_2_val_2										0.0	0.0	0.0	0.0	0.0	0.0	0.0
43051_45068_EO3_NC8_O5_1_val_1										1.3588936301913372	0.4247018618630437	0.41530231135585544	0.0	0.0	0.0	0.0
43051_45068_EO3_NC8_O5_2_val_2										0.7379575921586239	0.2963066749477235	2.1790349487473972	0.05999840639535649	0.02403274136559481	0.0	0.0
44218_44676_PO1_NC4_M6_1_val_1										0.8967660891642217	0.0370666912360238	0.0	0.0	0.07518262356908424	0.0	0.0
44218_44676_PO1_NC4_M6_2_val_2										1.784656027101479	0.475973097448487	0.13337343264670654	0.0	0.0	0.0	0.0
44218_44676_SO1_NC1_J6_1_val_1										1.1057515563277258	0.3620315385083217	0.3457548798200206	0.0	0.0	0.0	0.0
44218_44676_SO1_NC1_J6_2_val_2										0.5633234572359946	0.4784348667743286	1.5383191811191772	0.02624417734690646	0.02484821046675186	0.0	0.0
44218_44676_SO2_NC1_K6_1_val_1										1.2690388936129777	0.38086015626789915	0.13945558717953485	0.0	0.0	0.0	0.0
44218_44676_SO2_NC1_K6_2_val_2										0.6926156555537127	0.6660572304578873	1.5599538016245422	0.025159013800250662	0.0	0.0	0.0
44218_44676_SO3_NC1_L6_1_val_1										1.0961929478416386	0.22510705694915867	0.03412571826217393	0.0	0.0	0.0	0.0
44218_44676_SO3_NC1_L6_2_val_2										0.5922912950917525	1.2900464058011576	0.8176241544320763	0.024391353097877485	0.0	0.0	0.0
44564_44991_PO1_NC3_H6_1_val_1										1.3383859944127825	0.5620222231390086	0.9977997052415295	0.1746745679874657	0.03929501613877892	0.0	0.0
44564_44991_PO1_NC3_H6_2_val_2										1.6533713892494473	0.20291292332539423	1.0321574353103646	1.5593779054330725	0.30574248204913823	0.0	0.0
44564_44991_SO1_NC1_E6_1_val_1										0.8496530091852956	0.04734308873486821	0.0	0.0	0.0	0.0	0.0
44564_44991_SO1_NC1_E6_2_val_2										1.792549944835219	0.0960162140433531	0.052504022318647335	0.0	0.0	0.0	0.0
44564_44991_SO2_NC1_F6_1_val_1										1.176803514272621	0.3018771869859792	0.20718169180545892	0.0	0.0	0.0	0.0
44564_44991_SO2_NC1_F6_2_val_2										0.7966423878921332	1.1730398868872205	0.5038429094292428	0.029497222922796554	0.0	0.0	0.0
44564_44991_SO3_NC1_G6_1_val_1										0.5812422735214869	0.020651425599418557	0.0	0.0	0.0	0.0	0.0
44564_44991_SO3_NC1_G6_2_val_2										0.8752610245203296	0.017277868265172382	0.030307080399564666	0.0	0.0	0.0	0.0
44994_45005_PO1_NC3_B6_1_val_1										1.206942898118505	0.27732809142653997	0.13471777335287574	0.0	0.0	0.0	0.0
44994_45005_PO1_NC3_B6_2_val_2										1.0230586325896076	1.337997843391117	0.30715889563966337	0.026461245650175935	0.0	0.0	0.0
44994_45005_PO2_NC3_C5_1_val_1										1.1332109825034857	0.3683555505087103	0.7861065860386062	0.06536296180052534	0.016720373814124282	0.0	0.0
44994_45005_PO2_NC3_C5_2_val_2										0.7322449644305823	0.2694342151141679	1.9385378094424355	0.03581947418049777	0.03164964989612685	0.0	0.0
44994_45005_SO1_NC1_P5_1_val_1										0.9993756152006988	0.254937709783274	0.07868395202391941	0.0	0.0	0.0	0.0
44994_45005_SO1_NC1_P5_2_val_2										0.9005252347939949	1.0502162050235464	0.23375431808381805	0.024773008089511335	0.0	0.0	0.0
44994_45005_SO2_NC1_A6_1_val_1										1.1007873112816955	0.25655180093521024	0.15372845679944294	0.0	0.0	0.0	0.0
44994_45005_SO2_NC1_A6_2_val_2										0.8611617111240231	1.1744636506895714	0.43895316437444853	0.025788987927342466	0.0	0.0	0.0
44994_45005_SO3_NC1_D6_1_val_1										1.2449588492824388	0.17580261611201975	0.05649910718887138	0.0	0.0	0.0	0.0
44994_45005_SO3_NC1_D6_2_val_2										1.4191642342479815	1.0791142978274477	0.3200418468594867	0.03467567431612563	0.0	0.0	0.0
45208_44650_PO1_NC5_A7_1_val_1										1.2402278143062122	0.3358355695786691	0.12601794127007235	0.0	0.0	0.0	0.0
45208_44650_PO1_NC5_A7_2_val_2										0.669563359194716	1.3547781747463814	0.65943554508139	0.05246911910940177	0.0	0.0	0.0
45208_44650_PO2_NC3_B7_1_val_1										1.1534461963041123	0.27099308430516705	0.13118010333818625	0.0	0.0	0.0	0.0
45208_44650_PO2_NC3_B7_2_val_2										0.6504109539570291	1.3565928993835712	0.7029806329180108	0.028734462231508915	0.0	0.0	0.0
45208_44650_PO3_NC5_C8_1_val_1										1.3752569352951283	0.5118790535955242	0.7919335842348363	0.08081712930369475	0.015511286691627957	0.0	0.0
45208_44650_PO3_NC5_C8_2_val_2										2.1929939216453684	0.20580246071121647	1.5747127042651274	0.7793398408492236	0.08356914251052688	0.0	0.0
45208_44650_SO1_NC1_N6_1_val_1										1.4951976746464297	0.5324351500990033	0.99947930806197	0.22838017529893803	0.04914983503791789	0.0	0.0
45208_44650_SO1_NC1_N6_2_val_2										2.2760906328145962	0.2385746068358593	0.7596133859496814	1.5686727835545817	0.46474455313497653	0.028252182930753784	0.0
45208_44650_SO2_NC1_O6_1_val_1										1.2780782407998932	0.43706178551235486	0.5723224260221854	0.015000980203311637	0.0	0.0	0.0
45208_44650_SO2_NC1_O6_2_val_2										1.0771517564626465	0.2142793878624421	1.9481624155023562	0.33479412529890334	0.064969302825893	0.0	0.0
45208_44650_SO3_NC1_P6_1_val_1										0.6850596760840508	0.020329170326362774	0.0	0.0	0.0	0.0	0.0
45208_44650_SO3_NC1_P6_2_val_2										1.7513716509676658	0.400052133919215	0.04206004801051973	0.0	0.0	0.0	0.0
45208_45054_BL1_NC16_I7_1_val_1										0.7108377549741475	0.04778901110288552	0.05598873418756293	0.0	0.0	0.0	0.0
45208_45054_BL1_NC16_I7_2_val_2										1.1887113687370932	0.0076978791066689145	0.08236730644135738	0.0	0.0	0.0	0.0
45208_45054_BL2_NC16_J7_1_val_1										1.161094999550691	0.42095257869343133	0.8597954365075764	0.2680180768852919	0.06116328065141568	0.0	0.0
45208_45054_BL2_NC16_J7_2_val_2										1.8188452645749302	0.21703326958239524	0.6667100224191647	1.1010405984799962	0.6257685388925723	0.02216932059970141	0.0
45208_45054_BL3_NC16_K7_1_val_1										1.354735473053254	0.5361467261958534	0.7822959932007474	0.06570643692141569	0.00916039426786844	0.0	0.0
45208_45054_BL3_NC16_K7_2_val_2										1.2178885119247735	0.19563514819715852	1.7793970157002448	0.7850186046838583	0.13352945506651753	0.0	0.0
45208_45054_BL4_NC16_L7_1_val_1										1.1934526032860056	0.37831933476984664	0.8472813281483862	0.28332564537958826	0.1083754596026279	0.0	0.0
45208_45054_BL4_NC16_L7_2_val_2										1.7110423195028226	0.21154237424684738	0.7458196001931711	1.088405550245222	0.49811736431995934	0.027130713791576305	0.0
45208_45054_BL5_NC16_M7_1_val_1										1.1737255824271688	0.46855361863346257	0.8519258072728402	0.17494101028112727	0.025352826447802106	0.0	0.0
45208_45054_BL5_NC16_M7_2_val_2										1.5721824780309392	0.18489981221511653	1.0192059898051857	1.131532353873618	0.31333963502666023	0.02788808499871344	0.0
45208_45054_BL6_NC16_N7_1_val_1										1.2209112906236883	0.47368716800155625	0.833499147233199	0.07390485749215278	0.01022679406139931	0.0	0.0
45208_45054_BL6_NC16_N7_2_val_2										1.08396787501892	0.2035113822549657	1.9333162223234945	0.44476205646950195	0.08815797239617246	0.0	0.0
45208_45054_EO1_NC8_D7_1_val_1										1.7148020078355586	0.49420549794898483	0.6966636363804329	0.031179049405566227	0.0	0.0	0.0
45208_45054_EO1_NC8_D7_2_val_2										2.4297100867176447	0.2520604221544815	2.006856625838442	0.5522048288426797	0.08007130388166862	0.0	0.0
45208_45054_EO2_NC8_E7_1_val_1										0.31406793701701463	0.0	0.0	0.0	0.0	0.0	0.0
45208_45054_EO2_NC8_E7_2_val_2										1.0337246577020727	0.027066341538941007	0.07596037786735058	0.0	0.0	0.0	0.0
45208_45054_EO3_NC8_F7_1_val_1										1.2913437866767492	0.26049824413664296	0.046987641640659196	0.0	0.0	0.0	0.0
45208_45054_EO3_NC8_F7_2_val_2										0.9054882385094409	1.624310483911486	0.38574822197968633	0.0	0.0	0.0	0.0
45208_45054_EO4_NC8_G7_1_val_1										1.1892413661916421	0.3006069579018892	0.8452918634294507	0.2950843167789217	0.18519617676591357	0.0	0.0
45208_45054_EO4_NC8_G7_2_val_2										0.7493729635876579	0.24522083909961678	1.8627744621214266	0.04685959626130122	0.09645471345618101	0.0	0.0
45208_45054_EO5_NC8_H7_1_val_1										1.178919399202865	0.43589087642603225	0.4944296485029558	0.0	0.0	0.0	0.0
45208_45054_EO5_NC8_H7_2_val_2										0.6470329877958235	0.19220504088805693	2.0998655915795537	0.03827369380123649	0.0428651509571114	0.0	0.0
45669_44700_PO1_NC5_O8_1_val_1										1.102678601522237	0.3927378304843172	0.729379346295452	0.06293432311240255	0.0287345503575564	0.0	0.0
45669_44700_PO1_NC5_O8_2_val_2										0.7411643015337637	0.21022257948132528	1.8505113577928956	0.0417293433250771	0.08104124516544393	0.0	0.0
45669_44700_PO2_NC5_P8_1_val_1										1.1865199105685953	0.31312705715936007	0.7396648121635988	0.2243839760442996	0.15474683091320848	0.0	0.0
45669_44700_PO2_NC5_P8_2_val_2										1.2898966053871916	0.17318309487562683	1.4388095457569403	0.39267559480024095	0.06989695863044193	0.0	0.0
45669_44700_PO3_NC4_A9_1_val_1										1.384936253695416	0.4872518491975217	1.081370017195403	0.344326265522287	0.13916290762650393	0.0	0.0
45669_44700_PO3_NC4_A9_2_val_2										2.2062461098539323	0.27968082254540194	0.5748072066712712	1.2845159310314889	1.0021616518230343	0.022998487396392587	0.0
45669_44700_SO1_NC1_L8_1_val_1										1.4836344288833985	0.3915666504032732	0.4453660324612585	0.009245894034379708	0.0	0.0	0.0
45669_44700_SO1_NC1_L8_2_val_2										2.0267990428034923	0.48832145159632817	1.2072964559838586	0.03130508154677452	0.022693345087413937	0.0	0.0
45669_44700_SO2_NC1_M8_1_val_1										1.1208517384964751	0.36553473253906754	0.2580398792089771	0.0	0.0	0.0	0.0
45669_44700_SO2_NC1_M8_2_val_2										0.5938685702643184	0.2594207838256183	2.000679363468079	0.04462660803895926	0.02520945157721914	0.0	0.0
45669_44700_SO3_NC1_N8_1_val_1										1.1507415224193775	0.30175510761100394	0.14434304267580036	0.0	0.0	0.0	0.0
45669_44700_SO3_NC1_N8_2_val_2										0.644547139967292	1.2157175657318844	0.85897335597726	0.025192438793717832	0.0	0.0	0.0
45669_44964_PO1_NC4_B8_1_val_1										0.8437080364636254	0.02877277016760435	0.0	0.0	0.0	0.0	0.0
45669_44964_PO1_NC4_B8_2_val_2										2.1705881763537516	0.19093486485730518	0.06662039028095598	0.0	0.0	0.0	0.0
45669_44964_PO2_NC4_C7_1_val_1										1.5534473359880698	0.4716025075091896	0.33571483864177837	0.0	0.0	0.0	0.0
45669_44964_PO2_NC4_C7_2_val_2										1.1690815660947302	0.47104558682800257	2.0232187922568667	0.05736347078854235	0.03105547611119713	0.0	0.0
45669_44964_PO3_NC3_D8_1_val_1										1.4177967010058208	0.4022299556959703	0.21488645744093215	0.0	0.0	0.0	0.0
45669_44964_PO3_NC3_D8_2_val_2										1.1012625979689814	0.3877555381091884	2.033008474686072	0.04838283552311109	0.02703145751565708	0.0	0.0
45669_44964_PO4_NC3_E8_1_val_1										1.5232727862223685	0.4150830039979287	0.4838516207941397	0.0	0.0	0.0	0.0
45669_44964_PO4_NC3_E8_2_val_2										1.0494124522976849	0.29589981194133064	2.310985519189987	0.06495189768906312	0.0465273347150953	0.0	0.0
45669_44964_SO1_NC1_O7_1_val_1										1.1178927329211896	0.3936610802413155	0.6352741889676268	0.08674481992730748	0.007331300283105852	0.0	0.0
45669_44964_SO1_NC1_O7_2_val_2										1.5175363878336274	0.16418526819511817	0.9470714119873115	0.9393497000222567	0.3025995591473969	0.025465863740151817	0.0
45669_44964_SO2_NC1_P7_1_val_1										0.8045534830814077	0.1777845791642719	0.0618851536997373	0.0	0.0	0.0	0.0
45669_44964_SO2_NC1_P7_2_val_2										1.3708718648255478	0.3880204792229798	0.07980182081269463	0.0	0.0	0.0	0.0
45669_44964_SO3_NC1_A8_1_val_1										1.1965993076511854	0.5300459291348555	0.7823370329559601	0.03555583890434755	0.0	0.0	0.0
45669_44964_SO3_NC1_A8_2_val_2										0.756489326776485	0.24807207733166114	2.3965188994310984	0.03303119845308484	0.05367799770899637	0.0	0.0
45982_44908_PO1_NC3_J8_1_val_1										1.2152674778391024	0.4338251082066085	0.3067713018090147	0.0	0.0	0.0	0.0
45982_44908_PO1_NC3_J8_2_val_2										0.6183667500573509	0.5160686850516244	1.6306606856897146	0.036405841108035845	0.0	0.0	0.0
45982_44908_PO2_NC4_K8_1_val_1										1.6044122095975264	0.3157437720249311	0.13152144924431639	0.0	0.0	0.0	0.0
45982_44908_PO2_NC4_K8_2_val_2										2.7792688300586432	0.6299696070039202	1.178531107833864	0.038440094049213294	0.031130562319239812	0.0	0.0
45982_44908_SO1_NC1_G8_1_val_1										1.8266772747407962	0.35775420802670965	0.6219126092234242	0.03326844944364502	0.0	0.0	0.0
45982_44908_SO1_NC1_G8_2_val_2										3.010486257443267	0.3519862134486087	1.4561875988217334	0.0	0.09178853387358968	0.0	0.0
45982_44908_SO2_NC1_H8_1_val_1										1.09678275867971	0.38490279820105894	0.37521321432702864	0.009934487897247631	0.0	0.0	0.0
45982_44908_SO2_NC1_H8_2_val_2										0.6753641190210267	0.3174083580455762	1.6872968325981341	0.03670916766775328	0.04268591852757931	0.0	0.0
45982_44908_SO3_NC1_I8_1_val_1										0.9984724931807288	0.33674964027277776	0.15153566778850636	0.0	0.0	0.0	0.0
45982_44908_SO3_NC1_I8_2_val_2										0.7178506497092858	1.0693502876014143	0.46023038160656093	0.04816337219198701	0.0	0.0	0.0
45982_45001_PO1_NC3_E9_1_val_1										0.7756624797358945	0.061073256207961994	0.0	0.0	0.0	0.0	0.0
45982_45001_PO1_NC3_E9_2_val_2										1.6584852054824284	0.56986142254258	0.1038779990649732	0.0	0.0	0.0	0.0
45982_45001_PO2_NC4_F8_1_val_1										1.5674943228308802	0.45480472333450667	0.5023086030533754	0.0	0.0	0.0	0.0
45982_45001_PO2_NC4_F8_2_val_2										1.2656828445302115	0.3050545231997118	2.0994608794887415	0.03095400674285778	0.04390639254306068	0.0	0.0
45982_45001_SO1_NC1_B9_1_val_1										1.253750221303444	0.3938185706582982	0.9788385782223569	0.3021576659763556	0.15141453543665004	0.0	0.0
45982_45001_SO1_NC1_B9_2_val_2										1.5238379476214836	0.2304968411403381	1.1913614278907343	1.3466516354458564	0.18635137028885154	0.033619888936996536	0.0
45982_45001_SO2_NC1_C10_1_val_1										0.8128919400482801	0.06405792987894714	0.0	0.0	0.0	0.0	0.0
45982_45001_SO2_NC1_C10_2_val_2										1.841800904669404	0.45675735695186936	0.08576481510834237	0.0	0.0	0.0	0.0
45982_45001_SO3_NC1_D9_1_val_1										1.107979391340956	0.15992406702659065	0.02004235525916756	0.0	0.0	0.0	0.0
45982_45001_SO3_NC1_D9_2_val_2										0.8388588574537463	1.4097143328068886	0.5984324349231792	0.026505813756240726	0.0	0.0	0.0
46363_44664_PO1_NC5_L9_1_val_1										1.3047215666972163	0.43574055671013434	0.5113742658092667	0.0	0.0	0.0	0.0
46363_44664_PO1_NC5_L9_2_val_2										0.8547033395630464	0.2478983722934326	2.2215845165340182	0.19181265770018438	0.03867821973027067	0.0	0.0
46363_44664_SO1_NC1_I9_1_val_1										1.4446192736508756	0.4625074268120432	1.0700442520400189	0.41075581190325483	0.35052569707102643	0.0	0.0
46363_44664_SO1_NC1_I9_2_val_2										2.6800260557947873	0.5305428946529188	0.5740401923588421	0.2727751529797176	2.40581236076265	0.02866012184947338	0.048952935663190714
46363_44664_SO2_NC1_J9_1_val_1										1.1058358638022645	0.4424590996235136	0.87003662274765	0.056413703316168136	0.012086431387914121	0.0	0.0
46363_44664_SO2_NC1_J9_2_val_2										0.9022848340258951	0.1991675552700249	1.9686628565297175	0.19983638848938026	0.04866916292275952	0.0	0.0
46363_44664_SO3_NC1_K9_1_val_1										1.1036626919032528	0.3332573149703648	0.26241088162632764	0.0	0.0	0.0	0.0
46363_44664_SO3_NC1_K9_2_val_2										0.7076287399542815	0.40067693768401186	1.6480380221867652	0.02520888922364786	0.04589097626380705	0.0	0.0
46363_44914_PO1_NC4_H9_1_val_1										1.3011334746475136	0.3955028139661909	0.5338564984665524	0.0	0.0	0.0	0.0
46363_44914_PO1_NC4_H9_2_val_2										0.83777018039328	0.21279489967202117	2.13816565045968	0.12711758742986615	0.04044021774403497	0.0	0.0
46363_44914_SO1_NC1_F9_1_val_1										1.331639736162419	0.2838212889598567	0.6948548396571622	0.25312448644582064	0.28834548504073715	0.0	0.0
46363_44914_SO1_NC1_F9_2_val_2										1.313281019884604	0.18210176858307425	1.3687474886881066	0.5520429870721291	0.06262913770318201	0.03768562113718618	0.0
46363_44914_SO2_NC1_G9_1_val_1										1.2923635672761657	0.4168846422612404	0.7183464783976442	0.08662356198174816	0.0	0.0	0.0
46363_44914_SO2_NC1_G9_2_val_2										1.1220876323517461	0.1663529558883946	1.9784146074343176	0.5661286796434437	0.06983507681669308	0.0	0.0
46363_44914_SO3_NC1_I6_1_val_1										1.8746148696217557	0.2849903858386528	0.09107054509291586	0.0	0.0	0.0	0.0
46363_44914_SO3_NC1_I6_2_val_2										3.3534645171976853	0.8810100693181105	0.28592327865392636	0.03145364729975105	0.0	0.0	0.0
46606_44938_PO1_NC4_P9_1_val_1										1.2504688357087246	0.18736863036262974	0.08511259612258554	0.0	0.0	0.0	0.0
46606_44938_PO1_NC4_P9_2_val_2										1.8094719649287734	0.36118058790434454	0.11490450049317608	0.0	0.0	0.0	0.0
46606_44938_PO2_NC3_A10_1_val_1										1.9348381460229356	0.3842715538606113	0.23548022833081886	0.0	0.0	0.0	0.0
46606_44938_PO2_NC3_A10_2_val_2										2.2983443608225738	0.9737136168118776	1.0250189526157636	0.04504096491463824	0.0	0.0	0.0
46606_44938_PO3_NC5_B10_1_val_1										1.429763016620714	0.4620081112599843	0.4889887495437241	0.0	0.0	0.0	0.0
46606_44938_PO3_NC5_B10_2_val_2										0.8191344119698034	0.253993602423203	2.453639245456008	0.1314609552625984	0.0420408865404546	0.0	0.0
46606_44938_SO1_NC1_M9_1_val_1										1.5655769623372493	0.4449443827122587	0.8264393046174422	0.40660458233904434	0.6679028579531244	0.09595255978320932	0.02567879798629991
46606_44938_SO1_NC1_M9_2_val_2										2.4867318483136382	0.3441395236483786	0.5204844620667585	0.46746269888469194	1.816657250883271	0.02849830050672481	0.0266992648558994
46606_44938_SO2_NC1_N9_1_val_1										1.2599131298696566	0.4333173148223182	0.33111263633470905	0.0	0.0	0.0	0.0
46606_44938_SO2_NC1_N9_2_val_2										0.6391147683807363	0.34258143247490347	1.9440616341923578	0.030350015807911815	0.022235380002428026	0.0	0.0
46606_44938_SO3_NC1_O9_1_val_1										1.1093760670338395	0.22557783760629468	0.05541273823317395	0.0	0.0	0.0	0.0
46606_44938_SO3_NC1_O9_2_val_2										0.8053767925241382	1.2091208167070477	0.7151773822619597	0.047118235742430785	0.0	0.0	0.0
46606_44993_PO1_NC5_C9_1_val_1										0.5592437594935228	0.028455860349797888	0.0	0.0	0.0	0.0	0.0
46606_44993_PO1_NC5_C9_2_val_2										0.9173137197443058	0.2420850671388584	0.1412715597276078	0.0	0.0	0.0	0.0
46606_44993_PO2_NC5_D10_1_val_1										1.6623218777968307	0.4731163724212035	0.5025240985046219	0.0	0.0	0.0	0.0
46606_44993_PO2_NC5_D10_2_val_2										1.8293646226212854	0.33090570255890456	2.196715747596457	0.03857817191900698	0.04824843368003807	0.0	0.0
46606_44993_PO3_NC5_E10_1_val_1										1.5365002534295955	0.51936309068734	0.7723633879058699	0.01532732621408511	0.0	0.0	0.0
46606_44993_PO3_NC5_E10_2_val_2										1.1654322962643304	0.24354613099931793	2.4116403405294267	0.30020429931901316	0.03769584999013327	0.0	0.0
46606_44993_PO4_NC5_F10_1_val_1										1.705339150477565	0.48175894532274605	0.6322117858922818	0.05216918537108648	0.0	0.0	0.0
46606_44993_PO4_NC5_F10_2_val_2										2.770267992197074	0.2064927634300118	1.97917536403944	0.3637939156927328	0.07489558494182703	0.0	0.0
