Sample	Original top strand	Complementary to original top strand	Complementary to original bottom strand	Original bottom strand
38897_44643_SO1_NC1_A1_1_val_1_screen	146.0	373.0	337.0	136.0
38897_44643_SO1_NC1_A1_2_val_2_screen	471.0	278.0	291.0	422.0
38897_44643_SO2_NC1_B1_1_val_1_screen	70.0	369.0	342.0	79.0
38897_44643_SO2_NC1_B1_2_val_2_screen	448.0	140.0	131.0	416.0
38897_44643_SO3_NC1_C2_1_val_1_screen	68.0	376.0	343.0	84.0
38897_44643_SO3_NC1_C2_2_val_2_screen	415.0	135.0	140.0	377.0
38897_44700_PO1_NC5_D1_1_val_1_screen	93.0	434.0	344.0	79.0
38897_44700_PO1_NC5_D1_2_val_2_screen	486.0	176.0	157.0	401.0
38897_44700_SO1_NC1_E1_1_val_1_screen	116.0	329.0	315.0	106.0
38897_44700_SO1_NC1_E1_2_val_2_screen	406.0	242.0	220.0	437.0
38897_44700_SO2_NC1_F1_1_val_1_screen	89.0	481.0	334.0	74.0
38897_44700_SO2_NC1_F1_2_val_2_screen	517.0	170.0	168.0	462.0
38897_44700_SO3_NC1_G1_1_val_1_screen	104.0	389.0	351.0	104.0
38897_44700_SO3_NC1_G1_2_val_2_screen	459.0	183.0	181.0	460.0
38897_44700_SO4_NC1_H1_1_val_1_screen	102.0	386.0	346.0	76.0
38897_44700_SO4_NC1_H1_2_val_2_screen	433.0	186.0	195.0	423.0
39053_45005_PO1_NC2_I1_1_val_1_screen	119.0	480.0	324.0	94.0
39053_45005_PO1_NC2_I1_2_val_2_screen	493.0	219.0	243.0	451.0
39053_45005_SO1_NC1_J1_1_val_1_screen	147.0	681.0	402.0	117.0
39053_45005_SO1_NC1_J1_2_val_2_screen	700.0	285.0	206.0	612.0
39053_45005_SO2_NC1_K1_1_val_1_screen	126.0	554.0	384.0	136.0
39053_45005_SO2_NC1_K1_2_val_2_screen	672.0	237.0	216.0	544.0
41237_44641_PO1_NC4_N2_1_val_1_screen	109.0	338.0	326.0	112.0
41237_44641_PO1_NC4_N2_2_val_2_screen	404.0	200.0	201.0	417.0
41237_44641_SO1_NC1_K2_1_val_1_screen	99.0	358.0	334.0	100.0
41237_44641_SO1_NC1_K2_2_val_2_screen	384.0	179.0	178.0	407.0
41237_44641_SO2_NC1_L2_1_val_1_screen	80.0	385.0	316.0	73.0
41237_44641_SO2_NC1_L2_2_val_2_screen	455.0	163.0	175.0	424.0
41237_44641_SO3_NC1_M2_1_val_1_screen	130.0	335.0	353.0	134.0
41237_44641_SO3_NC1_M2_2_val_2_screen	435.0	233.0	262.0	434.0
41299_44636_SOe_NC1_L1_1_val_1_screen	117.0	450.0	379.0	118.0
41299_44636_SOe_NC1_L1_2_val_2_screen	469.0	198.0	232.0	463.0
41299_44963_PO1_NC3_N1_1_val_1_screen	170.0	591.0	405.0	173.0
41299_44963_PO1_NC3_N1_2_val_2_screen	641.0	324.0	334.0	611.0
41299_44963_PO2_NC4_M1_1_val_1_screen	191.0	511.0	427.0	211.0
41299_44963_PO2_NC4_M1_2_val_2_screen	699.0	333.0	351.0	670.0
41299_44963_PO3_NC3_O1_1_val_1_screen	148.0	724.0	490.0	113.0
41299_44963_PO3_NC3_O1_2_val_2_screen	716.0	305.0	243.0	618.0
41299_44963_SO1_NC1_P1_1_val_1_screen	99.0	334.0	327.0	125.0
41299_44963_SO1_NC1_P1_2_val_2_screen	402.0	183.0	206.0	390.0
41299_44963_SO2_NC1_A2_1_val_1_screen	86.0	452.0	357.0	100.0
41299_44963_SO2_NC1_A2_2_val_2_screen	491.0	198.0	164.0	474.0
41299_44963_SO3_NC1_B2_1_val_1_screen	98.0	503.0	405.0	87.0
41299_44963_SO3_NC1_B2_2_val_2_screen	629.0	198.0	127.0	513.0
41299_45019_EO1_NC8_C1_1_val_1_screen	174.0	354.0	330.0	179.0
41299_45019_EO1_NC8_C1_2_val_2_screen	792.0	283.0	302.0	986.0
41299_45019_EO2_NC8_D2_1_val_1_screen	90.0	313.0	297.0	76.0
41299_45019_EO2_NC8_D2_2_val_2_screen	404.0	121.0	136.0	409.0
41299_45019_EO3_NC8_E2_1_val_1_screen	94.0	365.0	350.0	92.0
41299_45019_EO3_NC8_E2_2_val_2_screen	443.0	154.0	152.0	425.0
41299_45019_EO4_NC8_F2_1_val_1_screen	130.0	387.0	366.0	113.0
41299_45019_EO4_NC8_F2_2_val_2_screen	452.0	208.0	225.0	448.0
41299_45019_EO5_NC8_G2_1_val_1_screen	99.0	393.0	382.0	124.0
41299_45019_EO5_NC8_G2_2_val_2_screen	432.0	200.0	189.0	458.0
41299_45019_EO6_NC8_H2_1_val_1_screen	115.0	401.0	313.0	112.0
41299_45019_EO6_NC8_H2_2_val_2_screen	471.0	218.0	189.0	412.0
41299_45019_EO7_NC8_I2_1_val_1_screen	111.0	365.0	325.0	119.0
41299_45019_EO7_NC8_I2_2_val_2_screen	438.0	184.0	188.0	427.0
41299_45019_EO8_NC8_J2_1_val_1_screen	83.0	364.0	356.0	86.0
41299_45019_EO8_NC8_J2_2_val_2_screen	434.0	145.0	166.0	435.0
41391_44650_PO1_NC4_F3_1_val_1_screen	126.0	449.0	374.0	128.0
41391_44650_PO1_NC4_F3_2_val_2_screen	527.0	250.0	248.0	487.0
41391_44650_PO2_NC4_G3_1_val_1_screen	157.0	391.0	371.0	157.0
41391_44650_PO2_NC4_G3_2_val_2_screen	498.0	300.0	280.0	531.0
41391_44650_PO3_NC3_E3_1_val_1_screen	136.0	396.0	317.0	117.0
41391_44650_PO3_NC3_E3_2_val_2_screen	479.0	271.0	262.0	430.0
41391_44650_SO1_NC1_B3_1_val_1_screen	182.0	431.0	426.0	143.0
41391_44650_SO1_NC1_B3_2_val_2_screen	503.0	239.0	282.0	480.0
41391_44650_SO2_NC1_C4_1_val_1_screen	152.0	382.0	326.0	143.0
41391_44650_SO2_NC1_C4_2_val_2_screen	479.0	269.0	274.0	427.0
41391_44650_SO3_NC1_D3_1_val_1_screen	137.0	372.0	398.0	142.0
41391_44650_SO3_NC1_D3_2_val_2_screen	436.0	317.0	316.0	477.0
41391_44923_PO1_NC3_H3_1_val_1_screen	118.0	390.0	374.0	138.0
41391_44923_PO1_NC3_H3_2_val_2_screen	489.0	250.0	320.0	451.0
41391_44923_PO2_NC3_I3_1_val_1_screen	186.0	415.0	385.0	178.0
41391_44923_PO2_NC3_I3_2_val_2_screen	517.0	333.0	333.0	466.0
41391_44923_PO3_NC5_J3_1_val_1_screen	191.0	574.0	387.0	157.0
41391_44923_PO3_NC5_J3_2_val_2_screen	653.0	338.0	312.0	515.0
41391_44923_PO4_NC4_K3_1_val_1_screen	216.0	534.0	366.0	189.0
41391_44923_PO4_NC4_K3_2_val_2_screen	614.0	409.0	362.0	551.0
41391_44923_SO1_NC1_O2_1_val_1_screen	127.0	627.0	414.0	99.0
41391_44923_SO1_NC1_O2_2_val_2_screen	690.0	201.0	203.0	557.0
41391_44923_SO2_NC1_P2_1_val_1_screen	112.0	567.0	410.0	91.0
41391_44923_SO2_NC1_P2_2_val_2_screen	658.0	220.0	197.0	535.0
41391_44923_SO3_NC1_A3_1_val_1_screen	104.0	263.0	259.0	125.0
41391_44923_SO3_NC1_A3_2_val_2_screen	437.0	213.0	201.0	427.0
41460_44643_PO1_NC5_O3_1_val_1_screen	143.0	416.0	357.0	138.0
41460_44643_PO1_NC5_O3_2_val_2_screen	444.0	302.0	307.0	496.0
41460_44643_PO2_NC5_P3_1_val_1_screen	221.0	430.0	394.0	203.0
41460_44643_PO2_NC5_P3_2_val_2_screen	530.0	429.0	407.0	492.0
41460_44643_PO3_NC5_A4_1_val_1_screen	140.0	385.0	376.0	113.0
41460_44643_PO3_NC5_A4_2_val_2_screen	493.0	226.0	258.0	456.0
41460_44643_SO1_NC1_L3_1_val_1_screen	218.0	419.0	397.0	231.0
41460_44643_SO1_NC1_L3_2_val_2_screen	500.0	452.0	440.0	474.0
41460_44643_SO2_NC1_M3_1_val_1_screen	253.0	417.0	420.0	227.0
41460_44643_SO2_NC1_M3_2_val_2_screen	562.0	474.0	500.0	556.0
41460_44643_SO3_NC1_N3_1_val_1_screen	176.0	409.0	343.0	153.0
41460_44643_SO3_NC1_N3_2_val_2_screen	529.0	314.0	346.0	453.0
41460_45001_PO1_NC5_E4_1_val_1_screen	166.0	414.0	369.0	175.0
41460_45001_PO1_NC5_E4_2_val_2_screen	558.0	294.0	309.0	448.0
41460_45001_PO2_NC3_F4_1_val_1_screen	158.0	587.0	394.0	164.0
41460_45001_PO2_NC3_F4_2_val_2_screen	621.0	295.0	257.0	537.0
41460_45001_PO3_NC4_G4_1_val_1_screen	193.0	426.0	368.0	205.0
41460_45001_PO3_NC4_G4_2_val_2_screen	520.0	344.0	383.0	467.0
41460_45001_SO1_NC1_B4_1_val_1_screen	118.0	388.0	379.0	138.0
41460_45001_SO1_NC1_B4_2_val_2_screen	461.0	310.0	289.0	482.0
41460_45001_SO2_NC1_C3_1_val_1_screen	174.0	366.0	364.0	154.0
41460_45001_SO2_NC1_C3_2_val_2_screen	616.0	286.0	293.0	571.0
41460_45001_SO3_NC1_D4_1_val_1_screen	114.0	433.0	352.0	121.0
41460_45001_SO3_NC1_D4_2_val_2_screen	553.0	233.0	292.0	462.0
42111_44957_PO1_NC3_K4_1_val_1_screen	195.0	537.0	388.0	215.0
42111_44957_PO1_NC3_K4_2_val_2_screen	601.0	452.0	445.0	496.0
42111_44957_PO2_NC3_L4_1_val_1_screen	170.0	493.0	379.0	145.0
42111_44957_PO2_NC3_L4_2_val_2_screen	500.0	323.0	345.0	465.0
42111_44957_SO1_NC1_H4_1_val_1_screen	204.0	549.0	418.0	193.0
42111_44957_SO1_NC1_H4_2_val_2_screen	593.0	376.0	367.0	523.0
42111_44957_SO2_NC1_B5_1_val_1_screen	95.0	361.0	343.0	86.0
42111_44957_SO2_NC1_B5_2_val_2_screen	451.0	158.0	147.0	443.0
42111_44957_SO3_NC1_J4_1_val_1_screen	189.0	446.0	368.0	181.0
42111_44957_SO3_NC1_J4_2_val_2_screen	540.0	374.0	399.0	500.0
42111_45019_EOo_NC8_M4_1_val_1_screen	252.0	416.0	396.0	226.0
42111_45019_EOo_NC8_M4_2_val_2_screen	524.0	487.0	491.0	503.0
42473_44998_PO1_NC2_I4_1_val_1_screen	236.0	913.0	450.0	216.0
42473_44998_PO1_NC2_I4_2_val_2_screen	920.0	460.0	398.0	658.0
42473_44998_SO1_NC1_P4_1_val_1_screen	486.0	880.0	774.0	460.0
42473_44998_SO1_NC1_P4_2_val_2_screen	1357.0	813.0	803.0	1491.0
42473_44998_SO2_NC1_A5_1_val_1_screen	133.0	436.0	344.0	108.0
42473_44998_SO2_NC1_A5_2_val_2_screen	523.0	241.0	208.0	458.0
42473_45061_EO1_NC8_O4_1_val_1_screen	195.0	617.0	379.0	223.0
42473_45061_EO1_NC8_O4_2_val_2_screen	646.0	399.0	364.0	552.0
42651_45042_PO1_NC3_E5_1_val_1_screen	108.0	390.0	327.0	104.0
42651_45042_PO1_NC3_E5_2_val_2_screen	470.0	188.0	183.0	423.0
42651_45042_PO2_NC4_N4_1_val_1_screen	259.0	443.0	424.0	258.0
42651_45042_PO2_NC4_N4_2_val_2_screen	527.0	468.0	486.0	560.0
42651_45042_PO3_NC4_G5_1_val_1_screen	149.0	451.0	389.0	152.0
42651_45042_PO3_NC4_G5_2_val_2_screen	502.0	238.0	260.0	504.0
42651_45042_SO1_NC1_C6_1_val_1_screen	123.0	419.0	354.0	119.0
42651_45042_SO1_NC1_C6_2_val_2_screen	515.0	222.0	211.0	464.0
42651_45042_SO2_NC1_D5_1_val_1_screen	98.0	460.0	336.0	91.0
42651_45042_SO2_NC1_D5_2_val_2_screen	481.0	192.0	177.0	531.0
42651_45042_SO3_NC1_F5_1_val_1_screen	84.0	356.0	333.0	102.0
42651_45042_SO3_NC1_F5_2_val_2_screen	408.0	152.0	169.0	463.0
43028_44664_PO2_NC5_K5_1_val_1_screen	104.0	367.0	400.0	101.0
43028_44664_PO2_NC5_K5_2_val_2_screen	432.0	245.0	235.0	417.0
43028_44664_SO1_NC1_H5_1_val_1_screen	118.0	355.0	336.0	124.0
43028_44664_SO1_NC1_H5_2_val_2_screen	432.0	237.0	247.0	453.0
43028_44664_SO2_NC1_I5_1_val_1_screen	116.0	407.0	369.0	97.0
43028_44664_SO2_NC1_I5_2_val_2_screen	466.0	213.0	191.0	435.0
43028_44664_SO3_NC1_J5_1_val_1_screen	104.0	369.0	327.0	112.0
43028_44664_SO3_NC1_J5_2_val_2_screen	414.0	227.0	213.0	406.0
43051_44931_SO1_NC1_L5_1_val_1_screen	92.0	392.0	309.0	100.0
43051_44931_SO1_NC1_L5_2_val_2_screen	444.0	191.0	183.0	426.0
43051_45068_EO1_NC8_M5_1_val_1_screen	169.0	497.0	405.0	148.0
43051_45068_EO1_NC8_M5_2_val_2_screen	573.0	322.0	285.0	610.0
43051_45068_EO2_NC8_N5_1_val_1_screen	28.0	13.0	12.0	37.0
43051_45068_EO2_NC8_N5_2_val_2_screen	65.0	34.0	26.0	68.0
43051_45068_EO3_NC8_O5_1_val_1_screen	146.0	380.0	334.0	133.0
43051_45068_EO3_NC8_O5_2_val_2_screen	469.0	241.0	257.0	433.0
44218_44676_PO1_NC4_M6_1_val_1_screen	173.0	469.0	339.0	129.0
44218_44676_PO1_NC4_M6_2_val_2_screen	552.0	343.0	242.0	474.0
44218_44676_SO1_NC1_J6_1_val_1_screen	102.0	334.0	314.0	136.0
44218_44676_SO1_NC1_J6_2_val_2_screen	444.0	244.0	243.0	434.0
44218_44676_SO2_NC1_K6_1_val_1_screen	131.0	407.0	359.0	135.0
44218_44676_SO2_NC1_K6_2_val_2_screen	520.0	235.0	238.0	475.0
44218_44676_SO3_NC1_L6_1_val_1_screen	263.0	336.0	368.0	268.0
44218_44676_SO3_NC1_L6_2_val_2_screen	463.0	406.0	463.0	513.0
44564_44991_PO1_NC3_H6_1_val_1_screen	117.0	368.0	341.0	131.0
44564_44991_PO1_NC3_H6_2_val_2_screen	467.0	222.0	249.0	420.0
44564_44991_SO1_NC1_E6_1_val_1_screen	77.0	449.0	315.0	88.0
44564_44991_SO1_NC1_E6_2_val_2_screen	493.0	169.0	179.0	432.0
44564_44991_SO2_NC1_F6_1_val_1_screen	97.0	494.0	346.0	93.0
44564_44991_SO2_NC1_F6_2_val_2_screen	471.0	200.0	182.0	479.0
44564_44991_SO3_NC1_G6_1_val_1_screen	143.0	442.0	339.0	133.0
44564_44991_SO3_NC1_G6_2_val_2_screen	461.0	267.0	278.0	426.0
44994_45005_PO1_NC3_B6_1_val_1_screen	92.0	375.0	364.0	121.0
44994_45005_PO1_NC3_B6_2_val_2_screen	508.0	191.0	196.0	473.0
44994_45005_PO2_NC3_C5_1_val_1_screen	112.0	369.0	368.0	75.0
44994_45005_PO2_NC3_C5_2_val_2_screen	477.0	178.0	208.0	534.0
44994_45005_SO1_NC1_P5_1_val_1_screen	167.0	369.0	393.0	169.0
44994_45005_SO1_NC1_P5_2_val_2_screen	461.0	322.0	341.0	510.0
44994_45005_SO2_NC1_A6_1_val_1_screen	128.0	436.0	376.0	142.0
44994_45005_SO2_NC1_A6_2_val_2_screen	471.0	221.0	241.0	479.0
44994_45005_SO3_NC1_D6_1_val_1_screen	144.0	525.0	371.0	99.0
44994_45005_SO3_NC1_D6_2_val_2_screen	551.0	231.0	216.0	457.0
45208_44650_PO1_NC5_A7_1_val_1_screen	124.0	432.0	362.0	126.0
45208_44650_PO1_NC5_A7_2_val_2_screen	484.0	227.0	214.0	493.0
45208_44650_PO2_NC3_B7_1_val_1_screen	122.0	357.0	323.0	115.0
45208_44650_PO2_NC3_B7_2_val_2_screen	488.0	180.0	209.0	443.0
45208_44650_PO3_NC5_C8_1_val_1_screen	109.0	402.0	362.0	149.0
45208_44650_PO3_NC5_C8_2_val_2_screen	484.0	217.0	203.0	417.0
45208_44650_SO1_NC1_N6_1_val_1_screen	115.0	375.0	347.0	124.0
45208_44650_SO1_NC1_N6_2_val_2_screen	458.0	211.0	208.0	448.0
45208_44650_SO2_NC1_O6_1_val_1_screen	122.0	369.0	326.0	116.0
45208_44650_SO2_NC1_O6_2_val_2_screen	433.0	225.0	240.0	437.0
45208_44650_SO3_NC1_P6_1_val_1_screen	156.0	393.0	367.0	149.0
45208_44650_SO3_NC1_P6_2_val_2_screen	491.0	242.0	296.0	442.0
45208_45054_BL1_NC16_I7_1_val_1_screen	156.0	502.0	375.0	170.0
45208_45054_BL1_NC16_I7_2_val_2_screen	575.0	297.0	309.0	494.0
45208_45054_BL2_NC16_J7_1_val_1_screen	134.0	352.0	375.0	119.0
45208_45054_BL2_NC16_J7_2_val_2_screen	417.0	228.0	238.0	451.0
45208_45054_BL3_NC16_K7_1_val_1_screen	137.0	331.0	343.0	169.0
45208_45054_BL3_NC16_K7_2_val_2_screen	457.0	286.0	254.0	423.0
45208_45054_BL4_NC16_L7_1_val_1_screen	151.0	354.0	347.0	139.0
45208_45054_BL4_NC16_L7_2_val_2_screen	434.0	258.0	284.0	411.0
45208_45054_BL5_NC16_M7_1_val_1_screen	175.0	353.0	408.0	167.0
45208_45054_BL5_NC16_M7_2_val_2_screen	480.0	307.0	304.0	490.0
45208_45054_BL6_NC16_N7_1_val_1_screen	192.0	337.0	316.0	165.0
45208_45054_BL6_NC16_N7_2_val_2_screen	414.0	304.0	321.0	401.0
45208_45054_EO1_NC8_D7_1_val_1_screen	148.0	409.0	330.0	137.0
45208_45054_EO1_NC8_D7_2_val_2_screen	469.0	219.0	224.0	470.0
45208_45054_EO2_NC8_E7_1_val_1_screen	126.0	510.0	345.0	120.0
45208_45054_EO2_NC8_E7_2_val_2_screen	617.0	257.0	200.0	488.0
45208_45054_EO3_NC8_F7_1_val_1_screen	94.0	386.0	348.0	93.0
45208_45054_EO3_NC8_F7_2_val_2_screen	455.0	159.0	171.0	443.0
45208_45054_EO4_NC8_G7_1_val_1_screen	134.0	364.0	348.0	138.0
45208_45054_EO4_NC8_G7_2_val_2_screen	409.0	213.0	234.0	458.0
45208_45054_EO5_NC8_H7_1_val_1_screen	156.0	375.0	333.0	170.0
45208_45054_EO5_NC8_H7_2_val_2_screen	486.0	322.0	371.0	442.0
45669_44700_PO1_NC5_O8_1_val_1_screen	149.0	387.0	372.0	144.0
45669_44700_PO1_NC5_O8_2_val_2_screen	460.0	292.0	266.0	489.0
45669_44700_PO2_NC5_P8_1_val_1_screen	170.0	422.0	410.0	134.0
45669_44700_PO2_NC5_P8_2_val_2_screen	503.0	325.0	286.0	481.0
45669_44700_PO3_NC4_A9_1_val_1_screen	151.0	366.0	377.0	136.0
45669_44700_PO3_NC4_A9_2_val_2_screen	467.0	307.0	268.0	472.0
45669_44700_SO1_NC1_L8_1_val_1_screen	137.0	474.0	354.0	124.0
45669_44700_SO1_NC1_L8_2_val_2_screen	538.0	265.0	239.0	466.0
45669_44700_SO2_NC1_M8_1_val_1_screen	239.0	403.0	320.0	214.0
45669_44700_SO2_NC1_M8_2_val_2_screen	499.0	335.0	326.0	407.0
45669_44700_SO3_NC1_N8_1_val_1_screen	197.0	343.0	351.0	202.0
45669_44700_SO3_NC1_N8_2_val_2_screen	465.0	362.0	348.0	475.0
45669_44964_PO1_NC4_B8_1_val_1_screen	157.0	433.0	352.0	114.0
45669_44964_PO1_NC4_B8_2_val_2_screen	527.0	261.0	254.0	468.0
45669_44964_PO2_NC4_C7_1_val_1_screen	118.0	452.0	378.0	106.0
45669_44964_PO2_NC4_C7_2_val_2_screen	543.0	226.0	215.0	542.0
45669_44964_PO3_NC3_D8_1_val_1_screen	141.0	412.0	382.0	127.0
45669_44964_PO3_NC3_D8_2_val_2_screen	546.0	213.0	191.0	501.0
45669_44964_PO4_NC3_E8_1_val_1_screen	123.0	408.0	345.0	112.0
45669_44964_PO4_NC3_E8_2_val_2_screen	495.0	203.0	213.0	421.0
45669_44964_SO1_NC1_O7_1_val_1_screen	148.0	401.0	352.0	178.0
45669_44964_SO1_NC1_O7_2_val_2_screen	449.0	270.0	280.0	459.0
45669_44964_SO2_NC1_P7_1_val_1_screen	204.0	431.0	373.0	222.0
45669_44964_SO2_NC1_P7_2_val_2_screen	507.0	366.0	405.0	475.0
45669_44964_SO3_NC1_A8_1_val_1_screen	125.0	384.0	380.0	98.0
45669_44964_SO3_NC1_A8_2_val_2_screen	465.0	218.0	237.0	477.0
45982_44908_PO1_NC3_J8_1_val_1_screen	131.0	336.0	348.0	159.0
45982_44908_PO1_NC3_J8_2_val_2_screen	439.0	282.0	262.0	426.0
45982_44908_PO2_NC4_K8_1_val_1_screen	165.0	495.0	395.0	132.0
45982_44908_PO2_NC4_K8_2_val_2_screen	600.0	309.0	263.0	535.0
45982_44908_SO1_NC1_G8_1_val_1_screen	152.0	475.0	371.0	155.0
45982_44908_SO1_NC1_G8_2_val_2_screen	498.0	309.0	260.0	512.0
45982_44908_SO2_NC1_H8_1_val_1_screen	139.0	374.0	343.0	132.0
45982_44908_SO2_NC1_H8_2_val_2_screen	451.0	264.0	287.0	446.0
45982_44908_SO3_NC1_I8_1_val_1_screen	168.0	439.0	362.0	171.0
45982_44908_SO3_NC1_I8_2_val_2_screen	526.0	336.0	320.0	483.0
45982_45001_PO1_NC3_E9_1_val_1_screen	234.0	418.0	385.0	187.0
45982_45001_PO1_NC3_E9_2_val_2_screen	588.0	436.0	332.0	550.0
45982_45001_PO2_NC4_F8_1_val_1_screen	112.0	437.0	357.0	104.0
45982_45001_PO2_NC4_F8_2_val_2_screen	531.0	233.0	192.0	443.0
45982_45001_SO1_NC1_B9_1_val_1_screen	96.0	368.0	343.0	114.0
45982_45001_SO1_NC1_B9_2_val_2_screen	472.0	217.0	206.0	471.0
45982_45001_SO2_NC1_C10_1_val_1_screen	139.0	520.0	366.0	115.0
45982_45001_SO2_NC1_C10_2_val_2_screen	574.0	308.0	240.0	481.0
45982_45001_SO3_NC1_D9_1_val_1_screen	127.0	427.0	358.0	131.0
45982_45001_SO3_NC1_D9_2_val_2_screen	500.0	250.0	241.0	464.0
46363_44664_PO1_NC5_L9_1_val_1_screen	182.0	392.0	345.0	163.0
46363_44664_PO1_NC5_L9_2_val_2_screen	497.0	315.0	286.0	473.0
46363_44664_SO1_NC1_I9_1_val_1_screen	145.0	350.0	321.0	161.0
46363_44664_SO1_NC1_I9_2_val_2_screen	423.0	292.0	292.0	483.0
46363_44664_SO2_NC1_J9_1_val_1_screen	183.0	386.0	360.0	161.0
46363_44664_SO2_NC1_J9_2_val_2_screen	468.0	334.0	377.0	472.0
46363_44664_SO3_NC1_K9_1_val_1_screen	179.0	450.0	372.0	182.0
46363_44664_SO3_NC1_K9_2_val_2_screen	507.0	364.0	359.0	482.0
46363_44914_PO1_NC4_H9_1_val_1_screen	179.0	404.0	373.0	156.0
46363_44914_PO1_NC4_H9_2_val_2_screen	523.0	333.0	325.0	465.0
46363_44914_SO1_NC1_F9_1_val_1_screen	126.0	410.0	401.0	138.0
46363_44914_SO1_NC1_F9_2_val_2_screen	521.0	284.0	238.0	458.0
46363_44914_SO2_NC1_G9_1_val_1_screen	155.0	404.0	365.0	171.0
46363_44914_SO2_NC1_G9_2_val_2_screen	523.0	303.0	311.0	490.0
46363_44914_SO3_NC1_I6_1_val_1_screen	120.0	570.0	375.0	127.0
46363_44914_SO3_NC1_I6_2_val_2_screen	607.0	236.0	234.0	530.0
46606_44938_PO1_NC4_P9_1_val_1_screen	237.0	561.0	372.0	182.0
46606_44938_PO1_NC4_P9_2_val_2_screen	607.0	441.0	406.0	534.0
46606_44938_PO2_NC3_A10_1_val_1_screen	97.0	575.0	366.0	108.0
46606_44938_PO2_NC3_A10_2_val_2_screen	584.0	233.0	192.0	507.0
46606_44938_PO3_NC5_B10_1_val_1_screen	129.0	377.0	350.0	134.0
46606_44938_PO3_NC5_B10_2_val_2_screen	493.0	262.0	227.0	475.0
46606_44938_SO1_NC1_M9_1_val_1_screen	146.0	382.0	386.0	144.0
46606_44938_SO1_NC1_M9_2_val_2_screen	469.0	280.0	294.0	450.0
46606_44938_SO2_NC1_N9_1_val_1_screen	182.0	374.0	403.0	175.0
46606_44938_SO2_NC1_N9_2_val_2_screen	465.0	352.0	349.0	539.0
46606_44938_SO3_NC1_O9_1_val_1_screen	178.0	408.0	348.0	149.0
46606_44938_SO3_NC1_O9_2_val_2_screen	500.0	331.0	307.0	502.0
46606_44993_PO1_NC5_C9_1_val_1_screen	320.0	405.0	344.0	323.0
46606_44993_PO1_NC5_C9_2_val_2_screen	958.0	316.0	347.0	1160.0
46606_44993_PO2_NC5_D10_1_val_1_screen	117.0	478.0	358.0	103.0
46606_44993_PO2_NC5_D10_2_val_2_screen	532.0	221.0	218.0	465.0
46606_44993_PO3_NC5_E10_1_val_1_screen	108.0	433.0	372.0	107.0
46606_44993_PO3_NC5_E10_2_val_2_screen	502.0	255.0	226.0	484.0
46606_44993_PO4_NC5_F10_1_val_1_screen	156.0	459.0	336.0	174.0
46606_44993_PO4_NC5_F10_2_val_2_screen	557.0	312.0	288.0	504.0
