Sample	meth_chg	meth_chh	meth_cpg	percent_cpg_meth	total_c	unmeth_chg	unmeth_chh	unmeth_cpg
38897_44643_SO1_NC1_A1_1_val_1	6777.0	83678.0	5784.0	93.0	135339.0	5194.0	33469.0	437.0
38897_44643_SO2_NC1_B1_1_val_1	8022.0	91044.0	10067.0	83.4	235337.0	25378.0	98824.0	2002.0
38897_44643_SO3_NC1_C2_1_val_1	22528.0	233554.0	32650.0	81.2	760186.0	97685.0	366210.0	7559.0
38897_44700_PO1_NC5_D1_1_val_1	104155.0	935183.0	96142.0	94.4	1467199.0	64522.0	261515.0	5682.0
38897_44700_SO1_NC1_E1_1_val_1	13560.0	136915.0	11990.0	95.4	204470.0	6157.0	35266.0	582.0
38897_44700_SO2_NC1_F1_1_val_1	18838.0	178302.0	18144.0	91.5	317599.0	20126.0	80504.0	1685.0
38897_44700_SO3_NC1_G1_1_val_1	33216.0	292127.0	23444.0	95.8	398606.0	7351.0	41440.0	1028.0
38897_44700_SO4_NC1_H1_1_val_1	20677.0	154722.0	13722.0	84.7	303972.0	23214.0	89164.0	2473.0
39053_45005_PO1_NC2_I1_1_val_1	57903.0	556477.0	47165.0	95.2	730919.0	9943.0	57068.0	2363.0
39053_45005_SO1_NC1_J1_1_val_1	49903.0	482433.0	39450.0	95.6	605722.0	3900.0	28208.0	1828.0
39053_45005_SO2_NC1_K1_1_val_1	45455.0	438227.0	36640.0	95.9	564484.0	5627.0	36967.0	1568.0
41237_44641_PO1_NC4_N2_1_val_1	89877.0	1013557.0	105281.0	88.4	2303054.0	203408.0	877146.0	13785.0
41237_44641_SO1_NC1_K2_1_val_1	22446.0	319233.0	25681.0	87.9	666546.0	48691.0	246964.0	3531.0
41237_44641_SO2_NC1_L2_1_val_1	44663.0	427299.0	46118.0	89.2	874133.0	69698.0	280778.0	5577.0
41237_44641_SO3_NC1_M2_1_val_1	19378.0	204350.0	19917.0	90.9	398119.0	27853.0	124637.0	1984.0
41299_44636_SOe_NC1_L1_1_val_1	15366.0	135467.0	14630.0	91.9	242755.0	15205.0	60802.0	1285.0
41299_44963_PO1_NC3_N1_1_val_1	12512.0	121356.0	11080.0	95.3	178959.0	5011.0	28449.0	551.0
41299_44963_PO2_NC4_M1_1_val_1	18396.0	175385.0	15330.0	97.9	225419.0	1631.0	14349.0	328.0
41299_44963_PO3_NC3_O1_1_val_1	108956.0	972885.0	91949.0	98.6	1224357.0	6015.0	43222.0	1330.0
41299_44963_SO1_NC1_P1_1_val_1	2670.0	48406.0	3683.0	84.3	120435.0	10724.0	54266.0	686.0
41299_44963_SO2_NC1_A2_1_val_1	23252.0	204107.0	20420.0	97.1	282253.0	6621.0	27234.0	619.0
41299_44963_SO3_NC1_B2_1_val_1	18812.0	167069.0	16613.0	96.5	233643.0	5801.0	24744.0	604.0
41299_45019_EO1_NC8_C1_1_val_1	1002.0	10050.0	972.0	85.0	20613.0	1661.0	6756.0	172.0
41299_45019_EO2_NC8_D2_1_val_1	17138.0	199399.0	41917.0	56.7	1526036.0	267094.0	968495.0	31993.0
41299_45019_EO3_NC8_E2_1_val_1	13205.0	239887.0	44311.0	51.5	1908441.0	336659.0	1232703.0	41676.0
41299_45019_EO4_NC8_F2_1_val_1	46423.0	493051.0	61651.0	68.2	1771865.0	235118.0	906853.0	28769.0
41299_45019_EO5_NC8_G2_1_val_1	36598.0	379153.0	41584.0	74.2	1027781.0	112590.0	443384.0	14472.0
41299_45019_EO6_NC8_H2_1_val_1	51735.0	447079.0	50549.0	91.7	808105.0	51275.0	202913.0	4554.0
41299_45019_EO7_NC8_I2_1_val_1	281.0	4990.0	428.0	68.7	18656.0	2459.0	10303.0	195.0
41299_45019_EO8_NC8_J2_1_val_1	52323.0	494968.0	57604.0	91.9	1011350.0	80732.0	320622.0	5101.0
41391_44650_PO1_NC4_F3_1_val_1	73555.0	747247.0	70560.0	88.0	1345868.0	91596.0	353266.0	9644.0
41391_44650_PO2_NC4_G3_1_val_1	56961.0	578888.0	66279.0	84.3	1332168.0	130426.0	487282.0	12332.0
41391_44650_PO3_NC3_E3_1_val_1	118856.0	1165938.0	134291.0	84.6	2870055.0	292813.0	1133800.0	24357.0
41391_44650_SO1_NC1_B3_1_val_1	2932.0	29939.0	2689.0	92.1	48603.0	2607.0	10206.0	230.0
41391_44650_SO2_NC1_C4_1_val_1	26766.0	278705.0	31755.0	83.7	703504.0	74261.0	285849.0	6168.0
41391_44650_SO3_NC1_D3_1_val_1	17673.0	181691.0	17990.0	86.8	388187.0	32920.0	135169.0	2744.0
41391_44923_PO1_NC3_H3_1_val_1	42219.0	594271.0	73878.0	75.6	2220522.0	307758.0	1178598.0	23798.0
41391_44923_PO2_NC3_I3_1_val_1	62008.0	657735.0	71051.0	82.0	1611319.0	165769.0	639117.0	15639.0
41391_44923_PO3_NC5_J3_1_val_1	209336.0	1966037.0	168652.0	95.7	2544662.0	28983.0	164055.0	7599.0
41391_44923_PO4_NC4_K3_1_val_1	77610.0	738707.0	64060.0	95.0	997720.0	17837.0	96102.0	3404.0
41391_44923_SO1_NC1_O2_1_val_1	27209.0	276965.0	22198.0	93.2	372984.0	7233.0	37755.0	1624.0
41391_44923_SO2_NC1_P2_1_val_1	42735.0	423671.0	34505.0	96.0	537309.0	3789.0	31166.0	1443.0
41391_44923_SO3_NC1_A3_1_val_1	181.0	1806.0	254.0	81.4	6020.0	851.0	2870.0	58.0
41460_44643_PO1_NC5_O3_1_val_1	69129.0	676921.0	62074.0	95.1	1032195.0	37737.0	183164.0	3170.0
41460_44643_PO2_NC5_P3_1_val_1	115058.0	1133762.0	98771.0	97.9	1507152.0	19915.0	137546.0	2100.0
41460_44643_PO3_NC5_A4_1_val_1	47012.0	455637.0	64021.0	82.4	1349184.0	167981.0	600893.0	13640.0
41460_44643_SO1_NC1_L3_1_val_1	4077.0	38809.0	8331.0	73.0	239833.0	39132.0	146407.0	3077.0
41460_44643_SO2_NC1_M3_1_val_1	18813.0	197980.0	16279.0	97.0	275777.0	4785.0	37410.0	510.0
41460_44643_SO3_NC1_N3_1_val_1	19467.0	198113.0	19356.0	91.2	358185.0	22298.0	97092.0	1859.0
41460_45001_PO1_NC5_E4_1_val_1	116057.0	1019038.0	109540.0	93.7	1672092.0	83224.0	336904.0	7329.0
41460_45001_PO2_NC3_F4_1_val_1	44671.0	393931.0	43050.0	91.7	684276.0	41820.0	156915.0	3889.0
41460_45001_PO3_NC4_G4_1_val_1	6036.0	64240.0	10986.0	74.8	307093.0	45506.0	176618.0	3707.0
41460_45001_SO1_NC1_B4_1_val_1	16622.0	155450.0	18447.0	87.4	357678.0	33180.0	131318.0	2661.0
41460_45001_SO2_NC1_C3_1_val_1	26875.0	248220.0	25717.0	93.3	420204.0	22910.0	94635.0	1847.0
41460_45001_SO3_NC1_D4_1_val_1	8165.0	73561.0	8980.0	87.4	172712.0	16754.0	63961.0	1291.0
42111_44957_PO1_NC3_K4_1_val_1	37476.0	352215.0	33754.0	93.4	537993.0	22512.0	89653.0	2383.0
42111_44957_PO2_NC3_L4_1_val_1	105632.0	894312.0	107382.0	91.3	1710309.0	124850.0	467893.0	10240.0
42111_44957_SO1_NC1_H4_1_val_1	21606.0	205464.0	19111.0	94.8	304988.0	10757.0	47012.0	1038.0
42111_44957_SO2_NC1_B5_1_val_1	18319.0	175146.0	22722.0	83.0	479425.0	53949.0	204644.0	4645.0
42111_44957_SO3_NC1_J4_1_val_1	25586.0	238980.0	22659.0	94.9	357047.0	13458.0	55138.0	1226.0
42111_45019_EOo_NC8_M4_1_val_1	16472.0	161125.0	12521.0	90.0	255822.0	9619.0	54701.0	1384.0
42473_44998_PO1_NC2_I4_1_val_1	52718.0	442146.0	44724.0	98.0	570346.0	4938.0	24898.0	922.0
42473_44998_SO1_NC1_P4_1_val_1	2270.0	21369.0	1861.0	94.4	28518.0	491.0	2417.0	110.0
42473_44998_SO2_NC1_A5_1_val_1	30696.0	275438.0	27455.0	95.3	415738.0	15709.0	65079.0	1361.0
42473_45061_EO1_NC8_O4_1_val_1	15609.0	146498.0	13683.0	96.8	199964.0	3976.0	19746.0	452.0
42651_45042_PO1_NC3_E5_1_val_1	34599.0	333628.0	39099.0	86.4	793914.0	78073.0	302359.0	6156.0
42651_45042_PO2_NC4_N4_1_val_1	14969.0	165149.0	17032.0	80.4	414200.0	40605.0	172293.0	4152.0
42651_45042_PO3_NC4_G5_1_val_1	50098.0	487625.0	44803.0	95.3	718882.0	25742.0	108407.0	2207.0
42651_45042_SO1_NC1_C6_1_val_1	19031.0	171562.0	17798.0	92.8	285197.0	15147.0	60274.0	1385.0
42651_45042_SO2_NC1_D5_1_val_1	18335.0	169270.0	16373.0	94.6	251858.0	9521.0	37432.0	927.0
42651_45042_SO3_NC1_F5_1_val_1	51606.0	513619.0	69576.0	81.0	1628928.0	203374.0	774400.0	16353.0
43028_44664_PO2_NC5_K5_1_val_1	32362.0	433293.0	57299.0	80.5	1562286.0	207185.0	818247.0	13900.0
43028_44664_SO1_NC1_H5_1_val_1	35086.0	337536.0	31589.0	92.7	575010.0	31652.0	136665.0	2482.0
43028_44664_SO2_NC1_I5_1_val_1	26385.0	250724.0	32904.0	84.8	681655.0	76268.0	289472.0	5902.0
43028_44664_SO3_NC1_J5_1_val_1	48412.0	489659.0	50968.0	91.2	953467.0	67931.0	291552.0	4945.0
43051_44931_SO1_NC1_L5_1_val_1	104237.0	986839.0	113989.0	90.6	2043769.0	167051.0	659864.0	11789.0
43051_45068_EO1_NC8_M5_1_val_1	18979.0	174075.0	16167.0	97.5	233422.0	3574.0	20209.0	418.0
43051_45068_EO2_NC8_N5_1_val_1	2.0	136.0	11.0	100.0	294.0	22.0	123.0	0.0
43051_45068_EO3_NC8_O5_1_val_1	21628.0	195461.0	22150.0	90.0	396303.0	30595.0	124005.0	2464.0
44218_44676_PO1_NC4_M6_1_val_1	50657.0	420603.0	44267.0	98.5	548654.0	5334.0	27136.0	657.0
44218_44676_SO1_NC1_J6_1_val_1	3692.0	46521.0	6685.0	75.0	184369.0	26208.0	99038.0	2225.0
44218_44676_SO2_NC1_K6_1_val_1	30739.0	262481.0	28478.0	93.6	427754.0	20515.0	83590.0	1951.0
44218_44676_SO3_NC1_L6_1_val_1	2358.0	31964.0	9125.0	72.0	275505.0	48148.0	180362.0	3548.0
44564_44991_PO1_NC3_H6_1_val_1	57193.0	512235.0	79934.0	83.9	1745582.0	228457.0	852451.0	15312.0
44564_44991_SO1_NC1_E6_1_val_1	17744.0	176647.0	15598.0	90.6	276664.0	12644.0	52416.0	1615.0
44564_44991_SO2_NC1_F6_1_val_1	26568.0	245280.0	26387.0	89.0	461390.0	34296.0	125602.0	3257.0
44564_44991_SO3_NC1_G6_1_val_1	5128.0	48800.0	4378.0	96.2	64244.0	1026.0	4737.0	175.0
44994_45005_PO1_NC3_B6_1_val_1	15564.0	153714.0	13276.0	93.2	223907.0	7199.0	33190.0	964.0
44994_45005_PO2_NC3_C5_1_val_1	37412.0	370281.0	39209.0	86.3	775135.0	66826.0	255201.0	6206.0
44994_45005_SO1_NC1_P5_1_val_1	5846.0	60971.0	5042.0	95.9	87021.0	1715.0	13232.0	215.0
44994_45005_SO2_NC1_A6_1_val_1	24314.0	227879.0	21552.0	92.3	351780.0	14731.0	61515.0	1789.0
44994_45005_SO3_NC1_D6_1_val_1	48977.0	469017.0	40549.0	93.5	656735.0	17024.0	78366.0	2802.0
45208_44650_PO1_NC5_A7_1_val_1	15567.0	139766.0	14521.0	93.0	236967.0	13203.0	52821.0	1089.0
45208_44650_PO2_NC3_B7_1_val_1	8943.0	89568.0	9206.0	85.5	177508.0	14195.0	54032.0	1564.0
45208_44650_PO3_NC5_C8_1_val_1	123936.0	1029746.0	124731.0	90.5	1983401.0	144759.0	547091.0	13138.0
45208_44650_SO1_NC1_N6_1_val_1	79533.0	742996.0	87660.0	88.7	1584368.0	136187.0	526813.0	11179.0
45208_44650_SO2_NC1_O6_1_val_1	41428.0	378466.0	40259.0	91.2	704666.0	45591.0	195022.0	3900.0
45208_44650_SO3_NC1_P6_1_val_1	150.0	5782.0	850.0	69.3	33654.0	5162.0	21334.0	376.0
45208_45054_BL1_NC16_I7_1_val_1	15341.0	140756.0	13031.0	97.1	188739.0	3725.0	15501.0	385.0
45208_45054_BL2_NC16_J7_1_val_1	14466.0	254919.0	22884.0	64.8	932743.0	119136.0	508885.0	12453.0
45208_45054_BL3_NC16_K7_1_val_1	22403.0	218770.0	37115.0	65.2	1157490.0	177532.0	681878.0	19792.0
45208_45054_BL4_NC16_L7_1_val_1	24759.0	319226.0	30461.0	67.1	1000869.0	118448.0	493049.0	14926.0
45208_45054_BL5_NC16_M7_1_val_1	20100.0	259149.0	21829.0	77.3	662816.0	65757.0	289569.0	6412.0
45208_45054_BL6_NC16_N7_1_val_1	16912.0	197287.0	20392.0	68.6	628423.0	76207.0	308284.0	9341.0
45208_45054_EO1_NC8_D7_1_val_1	109834.0	947403.0	99100.0	95.1	1450574.0	54973.0	234123.0	5141.0
45208_45054_EO2_NC8_E7_1_val_1	14580.0	121990.0	13147.0	95.1	185932.0	7428.0	28115.0	672.0
45208_45054_EO3_NC8_F7_1_val_1	6216.0	60831.0	6970.0	88.2	138381.0	12979.0	50452.0	933.0
45208_45054_EO4_NC8_G7_1_val_1	6622.0	107445.0	8274.0	69.7	288729.0	31749.0	131038.0	3601.0
45208_45054_EO5_NC8_H7_1_val_1	8228.0	98709.0	12003.0	74.1	339672.0	42331.0	174201.0	4200.0
45669_44700_PO1_NC5_O8_1_val_1	42861.0	421422.0	41583.0	89.3	774926.0	53150.0	210909.0	5001.0
45669_44700_PO2_NC5_P8_1_val_1	72999.0	797495.0	72445.0	86.4	1529296.0	114605.0	460356.0	11396.0
45669_44700_PO3_NC4_A9_1_val_1	149710.0	1467070.0	160866.0	87.0	3149706.0	278372.0	1069724.0	23964.0
45669_44700_SO1_NC1_L8_1_val_1	95871.0	849662.0	82758.0	97.1	1164856.0	24870.0	109218.0	2477.0
45669_44700_SO2_NC1_M8_1_val_1	18914.0	193058.0	17563.0	91.5	325006.0	16178.0	77663.0	1630.0
45669_44700_SO3_NC1_N8_1_val_1	3953.0	49825.0	6791.0	75.6	190625.0	26552.0	101312.0	2192.0
45669_44964_PO1_NC4_B8_1_val_1	13487.0	123203.0	12283.0	89.7	210193.0	12248.0	47559.0	1413.0
45669_44964_PO2_NC4_C7_1_val_1	43384.0	434956.0	35434.0	91.9	632363.0	20760.0	94711.0	3118.0
45669_44964_PO3_NC3_D8_1_val_1	34599.0	341767.0	38716.0	82.1	812310.0	82524.0	306238.0	8466.0
45669_44964_PO4_NC3_E8_1_val_1	53771.0	538276.0	50373.0	88.4	968462.0	63526.0	255913.0	6603.0
45669_44964_SO1_NC1_O7_1_val_1	26860.0	304821.0	55102.0	63.0	1855072.0	299530.0	1136413.0	32346.0
45669_44964_SO2_NC1_P7_1_val_1	12864.0	131430.0	11063.0	90.9	200837.0	8239.0	36134.0	1107.0
45669_44964_SO3_NC1_A8_1_val_1	8071.0	97101.0	14431.0	77.1	386432.0	55519.0	207012.0	4298.0
45982_44908_PO1_NC3_J8_1_val_1	5974.0	67271.0	6979.0	86.1	166332.0	15870.0	69109.0	1129.0
45982_44908_PO2_NC4_K8_1_val_1	82492.0	708811.0	74587.0	95.2	1054116.0	35714.0	148746.0	3766.0
45982_44908_SO1_NC1_G8_1_val_1	123614.0	1116653.0	108450.0	96.9	1552681.0	38812.0	161707.0	3445.0
45982_44908_SO2_NC1_H8_1_val_1	42585.0	383169.0	46883.0	87.8	851647.0	77588.0	294909.0	6513.0
45982_44908_SO3_NC1_I8_1_val_1	34160.0	303337.0	30553.0	95.3	452052.0	16121.0	66376.0	1505.0
45982_45001_PO1_NC3_E9_1_val_1	52012.0	432118.0	45379.0	97.9	580099.0	9020.0	40575.0	995.0
45982_45001_PO2_NC4_F8_1_val_1	62538.0	620205.0	54903.0	90.7	996095.0	48038.0	204759.0	5652.0
45982_45001_SO1_NC1_B9_1_val_1	57858.0	603533.0	56903.0	88.6	1137442.0	81362.0	330462.0	7324.0
45982_45001_SO2_NC1_C10_1_val_1	21744.0	181564.0	21311.0	92.2	328119.0	21159.0	80530.0	1811.0
45982_45001_SO3_NC1_D9_1_val_1	29356.0	245312.0	27697.0	93.5	417055.0	23179.0	89579.0	1932.0
46363_44664_PO1_NC5_L9_1_val_1	14250.0	155249.0	18174.0	82.1	425601.0	47477.0	186495.0	3956.0
46363_44664_SO1_NC1_I9_1_val_1	103875.0	1079791.0	137140.0	84.9	3059949.0	346751.0	1368023.0	24369.0
46363_44664_SO2_NC1_J9_1_val_1	18240.0	201180.0	19681.0	88.2	424540.0	33527.0	149274.0	2638.0
46363_44664_SO3_NC1_K9_1_val_1	51849.0	449090.0	49327.0	94.1	736695.0	36101.0	147208.0	3120.0
46363_44914_PO1_NC4_H9_1_val_1	51520.0	452395.0	52507.0	91.1	876484.0	64347.0	250573.0	5142.0
46363_44914_SO1_NC1_F9_1_val_1	55673.0	594987.0	53509.0	93.7	950525.0	48011.0	194754.0	3591.0
46363_44914_SO2_NC1_G9_1_val_1	44690.0	404733.0	70020.0	78.4	1629093.0	236362.0	854025.0	19263.0
46363_44914_SO3_NC1_I6_1_val_1	38404.0	354363.0	34527.0	93.8	527910.0	19901.0	78416.0	2299.0
46606_44938_PO1_NC4_P9_1_val_1	52466.0	430660.0	44333.0	98.2	560046.0	5063.0	26730.0	794.0
46606_44938_PO2_NC3_A10_1_val_1	56296.0	477943.0	53539.0	92.7	781753.0	40662.0	149085.0	4228.0
46606_44938_PO3_NC5_B10_1_val_1	17757.0	162315.0	31558.0	77.2	779148.0	120526.0	437670.0	9322.0
46606_44938_SO1_NC1_M9_1_val_1	67623.0	829521.0	63249.0	93.9	1274388.0	46979.0	262925.0	4091.0
46606_44938_SO2_NC1_N9_1_val_1	22888.0	213603.0	23430.0	88.4	441156.0	35737.0	142411.0	3087.0
46606_44938_SO3_NC1_O9_1_val_1	42436.0	354778.0	38880.0	96.6	510170.0	13938.0	58755.0	1383.0
46606_44993_PO1_NC5_C9_1_val_1	8818.0	82449.0	7508.0	97.6	106513.0	1134.0	6423.0	181.0
46606_44993_PO2_NC5_D10_1_val_1	94280.0	772131.0	85868.0	95.9	1153576.0	39910.0	157711.0	3676.0
46606_44993_PO3_NC5_E10_1_val_1	42785.0	392310.0	50361.0	83.5	1014556.0	107843.0	411280.0	9977.0
46606_44993_PO4_NC5_F10_1_val_1	152403.0	1244833.0	157175.0	88.9	2495150.0	198150.0	722978.0	19611.0
