Sample	SAMPLE_NAME	MEDIAN_INSERT_SIZE	MODE_INSERT_SIZE	MEDIAN_ABSOLUTE_DEVIATION	MIN_INSERT_SIZE	MAX_INSERT_SIZE	MEAN_INSERT_SIZE	STANDARD_DEVIATION	READ_PAIRS	PAIR_ORIENTATION	WIDTH_OF_10_PERCENT	WIDTH_OF_20_PERCENT	WIDTH_OF_30_PERCENT	WIDTH_OF_40_PERCENT	WIDTH_OF_50_PERCENT	WIDTH_OF_60_PERCENT	WIDTH_OF_70_PERCENT	WIDTH_OF_80_PERCENT	WIDTH_OF_90_PERCENT	WIDTH_OF_95_PERCENT	WIDTH_OF_99_PERCENT	SAMPLE	LIBRARY	READ_GROUP
38897_44643_SO1_NC1_A1_1_val_1_FR	38897_44643_SO1_NC1_A1_1_val_1	142.0	30.0	69.0	30.0	499.0	156.495345	95.984412	3115.0	FR	23.0	43.0	73.0	103.0	139.0	169.0	189.0	207.0	289.0	409.0	597.0			
38897_44643_SO2_NC1_B1_1_val_1_FR	38897_44643_SO2_NC1_B1_1_val_1	200.0	130.0	58.0	30.0	500.0	209.420492	93.671751	4792.0	FR	23.0	43.0	67.0	91.0	117.0	143.0	185.0	247.0	309.0	379.0	531.0			
38897_44643_SO3_NC1_C2_1_val_1_FR	38897_44643_SO3_NC1_C2_1_val_1	213.0	130.0	63.0	30.0	500.0	220.619992	95.864958	15376.0	FR	25.0	47.0	73.0	99.0	127.0	157.0	191.0	249.0	325.0	379.0	515.0			
38897_44700_PO1_NC5_D1_1_val_1_FR	38897_44700_PO1_NC5_D1_1_val_1	217.0	130.0	66.0	30.0	500.0	228.454056	99.396273	26587.0	FR	25.0	49.0	75.0	103.0	133.0	165.0	197.0	259.0	339.0	405.0	527.0			
38897_44700_SO1_NC1_E1_1_val_1_FR	38897_44700_SO1_NC1_E1_1_val_1	180.0	130.0	62.0	30.0	500.0	192.227046	100.503394	4008.0	FR	25.0	51.0	75.0	101.0	125.0	163.0	213.0	259.0	301.0	423.0	577.0			
38897_44700_SO2_NC1_F1_1_val_1_FR	38897_44700_SO2_NC1_F1_1_val_1	208.0	130.0	65.0	30.0	500.0	218.778254	97.560644	6061.0	FR	25.0	51.0	77.0	103.0	131.0	157.0	193.0	251.0	325.0	389.0	541.0			
38897_44700_SO3_NC1_G1_1_val_1_FR	38897_44700_SO3_NC1_G1_1_val_1	184.0	130.0	60.0	30.0	500.0	198.195345	100.06702	7776.0	FR	25.0	49.0	73.0	99.0	121.0	161.0	209.0	261.0	315.0	415.0	569.0			
38897_44700_SO4_NC1_H1_1_val_1_FR	38897_44700_SO4_NC1_H1_1_val_1	187.0	130.0	57.0	30.0	500.0	201.025011	97.234937	6637.0	FR	23.0	45.0	71.0	95.0	115.0	151.0	195.0	249.0	313.0	415.0	563.0			
39053_45005_PO1_NC2_I1_1_val_1_FR	39053_45005_PO1_NC2_I1_1_val_1	195.0	130.0	58.0	30.0	500.0	210.348783	95.827235	12816.0	FR	23.0	43.0	67.0	91.0	117.0	147.0	191.0	243.0	313.0	409.0	553.0			
39053_45005_SO1_NC1_J1_1_val_1_FR	39053_45005_SO1_NC1_J1_1_val_1	190.0	130.0	56.0	30.0	500.0	206.992525	94.52252	10569.0	FR	23.0	43.0	65.0	87.0	113.0	145.0	187.0	237.0	309.0	411.0	553.0			
39053_45005_SO2_NC1_K1_1_val_1_FR	39053_45005_SO2_NC1_K1_1_val_1	186.0	130.0	55.0	30.0	499.0	200.874828	94.097549	10186.0	FR	21.0	43.0	65.0	87.0	111.0	141.0	187.0	237.0	307.0	407.0	557.0			
41237_44641_PO1_NC4_N2_1_val_1_FR	41237_44641_PO1_NC4_N2_1_val_1	181.0	130.0	58.0	30.0	500.0	191.70973	97.18772	48727.0	FR	23.0	47.0	71.0	95.0	117.0	157.0	205.0	255.0	303.0	397.0	565.0			
41237_44641_SO1_NC1_K2_1_val_1_FR	41237_44641_SO1_NC1_K2_1_val_1	173.0	30.0	68.0	30.0	500.0	181.32051	100.456442	14193.0	FR	25.0	51.0	77.0	99.0	137.0	179.0	223.0	253.0	289.0	397.0	581.0			
41237_44641_SO2_NC1_L2_1_val_1_FR	41237_44641_SO2_NC1_L2_1_val_1	185.0	130.0	56.0	30.0	500.0	200.493239	95.800805	18119.0	FR	23.0	45.0	67.0	91.0	113.0	145.0	189.0	241.0	311.0	417.0	571.0			
41237_44641_SO3_NC1_M2_1_val_1_FR	41237_44641_SO3_NC1_M2_1_val_1	169.0	130.0	58.0	30.0	500.0	179.681336	94.778778	8771.0	FR	21.0	45.0	67.0	87.0	117.0	155.0	203.0	241.0	279.0	387.0	569.0			
41299_44636_SOe_NC1_L1_1_val_1_FR	41299_44636_SOe_NC1_L1_1_val_1	197.0	130.0	61.0	30.0	500.0	207.699832	96.021226	4754.0	FR	27.0	49.0	73.0	97.0	123.0	145.0	189.0	249.0	307.0	395.0	549.0			
41299_44963_PO1_NC3_N1_1_val_1_FR	41299_44963_PO1_NC3_N1_1_val_1	151.0	130.0	58.0	30.0	500.0	162.291924	89.142693	4049.0	FR	21.0	41.0	59.0	85.0	117.0	151.0	183.0	211.0	265.0	363.0	573.0			
41299_44963_PO2_NC4_M1_1_val_1_FR	41299_44963_PO2_NC4_M1_1_val_1	157.0	130.0	53.0	30.0	500.0	171.692357	91.274587	4671.0	FR	21.0	41.0	55.0	77.0	107.0	141.0	179.0	217.0	277.0	395.0	591.0			
41299_44963_PO3_NC3_O1_1_val_1_FR	41299_44963_PO3_NC3_O1_1_val_1	174.0	130.0	52.0	30.0	500.0	190.831376	91.829704	23413.0	FR	23.0	45.0	67.0	89.0	105.0	137.0	175.0	223.0	293.0	407.0	571.0			
41299_44963_SO1_NC1_P1_1_val_1_FR	41299_44963_SO1_NC1_P1_1_val_1	160.0	30.0	71.0	30.0	499.0	166.759109	95.54515	2827.0	FR	27.0	49.0	71.0	107.0	143.0	181.0	211.0	231.0	271.0	355.0	563.0			
41299_44963_SO2_NC1_A2_1_val_1_FR	41299_44963_SO2_NC1_A2_1_val_1	210.0	130.0	65.0	30.0	500.0	225.028725	100.424969	5013.0	FR	25.0	47.0	73.0	99.0	131.0	161.0	195.0	257.0	335.0	427.0	553.0			
41299_44963_SO3_NC1_B2_1_val_1_FR	41299_44963_SO3_NC1_B2_1_val_1	207.0	130.0	63.0	30.0	500.0	223.726591	98.551593	4133.0	FR	25.0	49.0	73.0	99.0	127.0	155.0	193.0	251.0	335.0	425.0	541.0			
41299_45019_EO1_NC8_C1_1_val_1_FR	41299_45019_EO1_NC8_C1_1_val_1	175.0	30.0	62.0	30.0	491.0	185.794582	98.625627	443.0	FR	27.0	51.0	73.0	93.0	125.0	153.0	199.0	257.0	291.0	409.0	553.0			
41299_45019_EO2_NC8_D2_1_val_1_FR	41299_45019_EO2_NC8_D2_1_val_1	204.0	130.0	59.0	30.0	500.0	211.972281	92.330422	33335.0	FR	23.0	45.0	69.0	93.0	119.0	147.0	183.0	239.0	309.0	359.0	525.0			
41299_45019_EO3_NC8_E2_1_val_1_FR	41299_45019_EO3_NC8_E2_1_val_1	188.0	130.0	57.0	30.0	500.0	196.767278	91.433193	44087.0	FR	23.0	45.0	67.0	91.0	115.0	143.0	185.0	237.0	289.0	363.0	537.0			
41299_45019_EO4_NC8_F2_1_val_1_FR	41299_45019_EO4_NC8_F2_1_val_1	194.0	130.0	58.0	30.0	500.0	201.429035	92.454995	38547.0	FR	23.0	45.0	67.0	91.0	117.0	143.0	187.0	243.0	299.0	361.0	535.0			
41299_45019_EO5_NC8_G2_1_val_1_FR	41299_45019_EO5_NC8_G2_1_val_1	185.0	130.0	56.0	30.0	500.0	194.212247	94.651683	22144.0	FR	23.0	45.0	69.0	93.0	113.0	149.0	195.0	249.0	291.0	379.0	557.0			
41299_45019_EO6_NC8_H2_1_val_1_FR	41299_45019_EO6_NC8_H2_1_val_1	193.0	130.0	60.0	30.0	500.0	205.898583	95.250495	16161.0	FR	25.0	47.0	71.0	95.0	121.0	145.0	187.0	243.0	303.0	399.0	559.0			
41299_45019_EO7_NC8_I2_1_val_1_FR	41299_45019_EO7_NC8_I2_1_val_1	190.5	130.0	58.5	30.0	475.0	195.6	91.429083	410.0	FR	21.0	39.0	67.0	91.0	117.0	149.0	187.0	241.0	295.0	355.0	465.0			
41299_45019_EO8_NC8_J2_1_val_1_FR	41299_45019_EO8_NC8_J2_1_val_1	192.0	130.0	61.0	30.0	500.0	203.306052	97.75252	20539.0	FR	25.0	49.0	73.0	97.0	123.0	151.0	197.0	255.0	307.0	405.0	559.0			
41391_44650_PO1_NC4_F3_1_val_1_FR	41391_44650_PO1_NC4_F3_1_val_1	197.0	130.0	67.0	30.0	500.0	208.708475	103.375137	26255.0	FR	25.0	51.0	79.0	107.0	135.0	173.0	221.0	273.0	327.0	421.0	553.0			
41391_44650_PO2_NC4_G3_1_val_1_FR	41391_44650_PO2_NC4_G3_1_val_1	196.0	130.0	66.0	30.0	500.0	205.028375	101.571172	27454.0	FR	25.0	51.0	77.0	105.0	133.0	169.0	217.0	271.0	317.0	403.0	551.0			
41391_44650_PO3_NC3_E3_1_val_1_FR	41391_44650_PO3_NC3_E3_1_val_1	199.0	130.0	62.0	30.0	500.0	208.131005	97.548375	59181.0	FR	23.0	47.0	71.0	97.0	125.0	155.0	203.0	259.0	313.0	389.0	539.0			
41391_44650_SO1_NC1_B3_1_val_1_FR	41391_44650_SO1_NC1_B3_1_val_1	194.0	130.0	64.0	30.0	500.0	206.089947	102.888842	945.0	FR	23.0	49.0	77.0	103.0	129.0	173.0	213.0	259.0	327.0	427.0	573.0			
41391_44650_SO2_NC1_C4_1_val_1_FR	41391_44650_SO2_NC1_C4_1_val_1	191.0	130.0	66.0	30.0	500.0	200.399184	102.646872	14958.0	FR	27.0	53.0	79.0	107.0	133.0	175.0	221.0	269.0	319.0	411.0	565.0			
41391_44650_SO3_NC1_D3_1_val_1_FR	41391_44650_SO3_NC1_D3_1_val_1	192.0	130.0	71.0	30.0	500.0	198.284158	103.362454	8168.0	FR	29.0	59.0	85.0	113.0	143.0	185.0	229.0	277.0	317.0	395.0	547.0			
41391_44923_PO1_NC3_H3_1_val_1_FR	41391_44923_PO1_NC3_H3_1_val_1	174.0	130.0	70.0	30.0	500.0	183.323732	100.415664	53050.0	FR	27.0	53.0	79.0	105.0	141.0	181.0	219.0	253.0	295.0	401.0	569.0			
41391_44923_PO2_NC3_I3_1_val_1_FR	41391_44923_PO2_NC3_I3_1_val_1	187.0	130.0	64.0	30.0	500.0	195.41247	99.586339	35028.0	FR	25.0	49.0	75.0	101.0	129.0	171.0	215.0	261.0	305.0	395.0	561.0			
41391_44923_PO3_NC5_J3_1_val_1_FR	41391_44923_PO3_NC5_J3_1_val_1	196.0	130.0	66.0	30.0	500.0	213.177303	102.858838	45318.0	FR	27.0	51.0	79.0	105.0	133.0	169.0	213.0	261.0	337.0	439.0	565.0			
41391_44923_PO4_NC4_K3_1_val_1_FR	41391_44923_PO4_NC4_K3_1_val_1	180.0	130.0	59.0	30.0	500.0	195.822776	98.213416	18976.0	FR	23.0	45.0	67.0	93.0	119.0	157.0	201.0	247.0	315.0	421.0	577.0			
41391_44923_SO1_NC1_O2_1_val_1_FR	41391_44923_SO1_NC1_O2_1_val_1	187.0	130.0	56.0	30.0	500.0	199.417649	93.771882	6788.0	FR	21.0	43.0	65.0	87.0	113.0	147.0	191.0	243.0	299.0	389.0	549.0			
41391_44923_SO2_NC1_P2_1_val_1_FR	41391_44923_SO2_NC1_P2_1_val_1	180.0	130.0	50.0	30.0	500.0	194.92526	89.422783	9727.0	FR	19.0	39.0	59.0	79.0	101.0	133.0	173.0	221.0	279.0	393.0	557.0			
41391_44923_SO3_NC1_A3_1_val_1_FR	41391_44923_SO3_NC1_A3_1_val_1	196.0	153.0	66.0	30.0	435.0	189.544828	93.399008	145.0	FR	25.0	57.0	83.0	111.0	133.0	151.0	193.0	259.0	303.0	333.0	471.0			
41460_44643_PO1_NC5_O3_1_val_1_FR	41460_44643_PO1_NC5_O3_1_val_1	181.0	130.0	69.0	30.0	500.0	194.962675	105.887032	20951.0	FR	29.0	57.0	85.0	105.0	139.0	181.0	227.0	267.0	331.0	439.0	591.0			
41460_44643_PO2_NC5_P3_1_val_1_FR	41460_44643_PO2_NC5_P3_1_val_1	161.0	130.0	68.0	30.0	500.0	179.647283	104.349887	31538.0	FR	27.0	53.0	73.0	103.0	137.0	177.0	215.0	239.0	339.0	457.0	621.0			
41460_44643_PO3_NC5_A4_1_val_1_FR	41460_44643_PO3_NC5_A4_1_val_1	186.0	130.0	58.0	30.0	500.0	198.172601	97.079167	29826.0	FR	25.0	49.0	73.0	97.0	117.0	155.0	199.0	249.0	305.0	407.0	565.0			
41460_44643_SO1_NC1_L3_1_val_1_FR	41460_44643_SO1_NC1_L3_1_val_1	156.5	130.0	56.5	30.0	500.0	169.583792	87.978119	6182.0	FR	21.0	41.0	57.0	85.0	115.0	147.0	179.0	213.0	263.0	355.0	567.0			
41460_44643_SO2_NC1_M3_1_val_1_FR	41460_44643_SO2_NC1_M3_1_val_1	139.0	130.0	73.0	30.0	500.0	158.278475	100.929474	6374.0	FR	19.0	45.0	79.0	117.0	147.0	175.0	189.0	219.0	327.0	439.0	621.0			
41460_44643_SO3_NC1_N3_1_val_1_FR	41460_44643_SO3_NC1_N3_1_val_1	175.0	130.0	72.0	30.0	500.0	187.092461	105.244619	7733.0	FR	29.0	55.0	85.0	109.0	145.0	187.0	231.0	261.0	317.0	427.0	599.0			
41460_45001_PO1_NC5_E4_1_val_1_FR	41460_45001_PO1_NC5_E4_1_val_1	205.0	130.0	69.0	30.0	500.0	215.888821	101.992557	32569.0	FR	27.0	53.0	81.0	109.0	139.0	165.0	209.0	267.0	327.0	413.0	543.0			
41460_45001_PO2_NC3_F4_1_val_1_FR	41460_45001_PO2_NC3_F4_1_val_1	210.0	130.0	70.0	30.0	500.0	222.641384	102.617987	13092.0	FR	27.0	53.0	81.0	111.0	141.0	167.0	209.0	267.0	337.0	423.0	537.0			
41460_45001_PO3_NC4_G4_1_val_1_FR	41460_45001_PO3_NC4_G4_1_val_1	194.0	130.0	64.0	30.0	500.0	200.730537	98.882162	6962.0	FR	23.0	49.0	73.0	101.0	129.0	163.0	211.0	263.0	305.0	389.0	539.0			
41460_45001_SO1_NC1_B4_1_val_1_FR	41460_45001_SO1_NC1_B4_1_val_1	186.0	130.0	62.0	30.0	500.0	196.201135	99.557521	7751.0	FR	27.0	53.0	77.0	103.0	125.0	163.0	209.0	259.0	309.0	401.0	571.0			
41460_45001_SO2_NC1_C3_1_val_1_FR	41460_45001_SO2_NC1_C3_1_val_1	189.0	130.0	71.0	30.0	500.0	200.228962	106.308133	8639.0	FR	29.0	59.0	89.0	115.0	143.0	179.0	229.0	275.0	321.0	439.0	577.0			
41460_45001_SO3_NC1_D4_1_val_1_FR	41460_45001_SO3_NC1_D4_1_val_1	218.0	130.0	74.0	30.0	500.0	224.364662	105.946452	3458.0	FR	29.0	55.0	85.0	115.0	149.0	179.0	229.0	289.0	345.0	409.0	529.0			
42111_44957_PO1_NC3_K4_1_val_1_FR	42111_44957_PO1_NC3_K4_1_val_1	168.0	130.0	62.0	30.0	500.0	187.219225	101.238523	11308.0	FR	25.0	49.0	75.0	95.0	125.0	161.0	199.0	243.0	335.0	449.0	609.0			
42111_44957_PO2_NC3_L4_1_val_1_FR	42111_44957_PO2_NC3_L4_1_val_1	182.0	130.0	61.0	30.0	500.0	198.983667	99.850446	36613.0	FR	25.0	51.0	75.0	101.0	123.0	159.0	201.0	249.0	323.0	433.0	585.0			
42111_44957_SO1_NC1_H4_1_val_1_FR	42111_44957_SO1_NC1_H4_1_val_1	178.0	130.0	64.0	30.0	500.0	194.697659	101.662896	6066.0	FR	27.0	53.0	79.0	99.0	129.0	167.0	209.0	253.0	325.0	439.0	585.0			
42111_44957_SO2_NC1_B5_1_val_1_FR	42111_44957_SO2_NC1_B5_1_val_1	210.0	130.0	65.0	30.0	500.0	220.770332	97.970671	9640.0	FR	25.0	49.0	75.0	103.0	131.0	159.0	195.0	253.0	327.0	399.0	531.0			
42111_44957_SO3_NC1_J4_1_val_1_FR	42111_44957_SO3_NC1_J4_1_val_1	183.0	130.0	69.0	30.0	500.0	199.244191	106.807708	7187.0	FR	31.0	57.0	83.0	107.0	139.0	177.0	223.0	271.0	343.0	455.0	595.0			
42111_45019_EOo_NC8_M4_1_val_1_FR	42111_45019_EOo_NC8_M4_1_val_1	147.5	30.0	76.5	30.0	500.0	165.704371	105.542837	5994.0	FR	29.0	51.0	85.0	121.0	153.0	185.0	203.0	233.0	335.0	461.0	649.0			
42473_44998_PO1_NC2_I4_1_val_1_FR	42473_44998_PO1_NC2_I4_1_val_1	194.0	130.0	64.0	30.0	500.0	210.585982	101.124983	11043.0	FR	27.0	53.0	79.0	107.0	129.0	159.0	199.0	251.0	335.0	433.0	569.0			
42473_44998_SO1_NC1_P4_1_val_1_FR	42473_44998_SO1_NC1_P4_1_val_1	164.5	130.0	60.5	30.0	500.0	186.927586	100.664913	580.0	FR	25.0	49.0	69.0	89.0	121.0	159.0	207.0	243.0	359.0	451.0	573.0			
42473_44998_SO2_NC1_A5_1_val_1_FR	42473_44998_SO2_NC1_A5_1_val_1	197.0	130.0	65.0	30.0	500.0	212.506444	100.78598	7914.0	FR	25.0	51.0	77.0	103.0	131.0	155.0	197.0	259.0	335.0	427.0	565.0			
42473_45061_EO1_NC8_O4_1_val_1_FR	42473_45061_EO1_NC8_O4_1_val_1	162.0	130.0	57.0	30.0	500.0	179.829175	96.114388	4168.0	FR	23.0	45.0	65.0	85.0	115.0	153.0	191.0	229.0	305.0	421.0	607.0			
42651_45042_PO1_NC3_E5_1_val_1_FR	42651_45042_PO1_NC3_E5_1_val_1	199.0	130.0	65.0	30.0	500.0	209.428415	98.503896	16421.0	FR	25.0	49.0	75.0	103.0	131.0	159.0	201.0	259.0	313.0	395.0	543.0			
42651_45042_PO2_NC4_N4_1_val_1_FR	42651_45042_PO2_NC4_N4_1_val_1	153.0	30.0	69.0	30.0	500.0	166.068305	97.617729	10292.0	FR	27.0	47.0	71.0	105.0	139.0	173.0	203.0	221.0	297.0	409.0	585.0			
42651_45042_PO3_NC4_G5_1_val_1_FR	42651_45042_PO3_NC4_G5_1_val_1	207.0	130.0	74.0	30.0	500.0	221.308365	107.452532	13043.0	FR	29.0	59.0	87.0	117.0	149.0	177.0	223.0	287.0	355.0	439.0	555.0			
42651_45042_SO1_NC1_C6_1_val_1_FR	42651_45042_SO1_NC1_C6_1_val_1	201.0	130.0	68.0	30.0	500.0	215.071154	99.819357	5467.0	FR	29.0	55.0	83.0	109.0	137.0	161.0	203.0	257.0	321.0	405.0	555.0			
42651_45042_SO2_NC1_D5_1_val_1_FR	42651_45042_SO2_NC1_D5_1_val_1	221.0	130.0	74.0	30.0	500.0	232.339784	103.782598	4444.0	FR	27.0	55.0	87.0	117.0	149.0	183.0	213.0	271.0	349.0	411.0	521.0			
42651_45042_SO3_NC1_F5_1_val_1_FR	42651_45042_SO3_NC1_F5_1_val_1	207.0	130.0	65.0	30.0	500.0	213.748709	97.643351	34478.0	FR	25.0	49.0	75.0	103.0	131.0	157.0	201.0	261.0	323.0	373.0	525.0			
43028_44664_PO2_NC5_K5_1_val_1_FR	43028_44664_PO2_NC5_K5_1_val_1	171.0	130.0	63.0	30.0	500.0	183.006997	96.68533	36875.0	FR	25.0	49.0	71.0	93.0	127.0	163.0	205.0	245.0	285.0	393.0	575.0			
43028_44664_SO1_NC1_H5_1_val_1_FR	43028_44664_SO1_NC1_H5_1_val_1	187.0	130.0	65.0	30.0	500.0	199.769864	103.33713	11667.0	FR	27.0	53.0	79.0	105.0	131.0	169.0	219.0	271.0	317.0	427.0	575.0			
43028_44664_SO2_NC1_I5_1_val_1_FR	43028_44664_SO2_NC1_I5_1_val_1	199.0	130.0	63.0	30.0	500.0	210.724308	97.4349	14197.0	FR	25.0	49.0	73.0	99.0	127.0	151.0	197.0	253.0	313.0	401.0	549.0			
43028_44664_SO3_NC1_J5_1_val_1_FR	43028_44664_SO3_NC1_J5_1_val_1	185.0	130.0	63.0	30.0	500.0	197.946341	101.229958	19773.0	FR	25.0	51.0	77.0	103.0	127.0	165.0	213.0	263.0	313.0	421.0	573.0			
43051_44931_SO1_NC1_L5_1_val_1_FR	43051_44931_SO1_NC1_L5_1_val_1	201.0	130.0	67.0	30.0	500.0	212.568916	101.891129	41217.0	FR	27.0	53.0	79.0	107.0	135.0	163.0	209.0	269.0	325.0	417.0	553.0			
43051_45068_EO1_NC8_M5_1_val_1_FR	43051_45068_EO1_NC8_M5_1_val_1	164.0	130.0	54.0	30.0	499.0	183.438286	94.960242	4691.0	FR	23.0	43.0	65.0	83.0	109.0	145.0	183.0	233.0	313.0	425.0	591.0			
43051_45068_EO2_NC8_N5_1_val_1_FR	43051_45068_EO2_NC8_N5_1_val_1	139.0	150.0	73.0	46.0	444.0	145.333333	126.505929	9.0	FR	1.0	23.0	23.0	139.0	147.0	179.0	185.0	187.0	611.0	611.0	611.0			
43051_45068_EO3_NC8_O5_1_val_1_FR	43051_45068_EO3_NC8_O5_1_val_1	184.0	130.0	59.0	30.0	500.0	198.234101	98.331058	8381.0	FR	25.0	49.0	75.0	99.0	119.0	155.0	203.0	257.0	309.0	407.0	563.0			
44218_44676_PO1_NC4_M6_1_val_1_FR	44218_44676_PO1_NC4_M6_1_val_1	193.0	130.0	63.0	30.0	500.0	212.630133	99.871768	10520.0	FR	25.0	51.0	75.0	101.0	127.0	149.0	189.0	247.0	337.0	441.0	579.0			
44218_44676_SO1_NC1_J6_1_val_1_FR	44218_44676_SO1_NC1_J6_1_val_1	179.0	30.0	63.0	30.0	496.0	185.844916	96.024895	4288.0	FR	25.0	49.0	73.0	99.0	127.0	165.0	211.0	255.0	295.0	365.0	547.0			
44218_44676_SO2_NC1_K6_1_val_1_FR	44218_44676_SO2_NC1_K6_1_val_1	193.5	130.0	63.5	30.0	500.0	208.25278	101.323796	8632.0	FR	27.0	53.0	79.0	105.0	127.0	163.0	207.0	261.0	325.0	423.0	571.0			
44218_44676_SO3_NC1_L6_1_val_1_FR	44218_44676_SO3_NC1_L6_1_val_1	157.0	130.0	57.0	30.0	499.0	168.451851	88.100866	7186.0	FR	21.0	41.0	59.0	85.0	115.0	147.0	183.0	215.0	263.0	355.0	549.0			
44564_44991_PO1_NC3_H6_1_val_1_FR	44564_44991_PO1_NC3_H6_1_val_1	195.0	130.0	62.0	30.0	500.0	204.949059	95.731116	38574.0	FR	25.0	47.0	73.0	97.0	125.0	151.0	195.0	249.0	305.0	387.0	541.0			
44564_44991_SO1_NC1_E6_1_val_1_FR	44564_44991_SO1_NC1_E6_1_val_1	210.0	130.0	66.0	30.0	500.0	225.551266	99.86138	4896.0	FR	27.0	51.0	79.0	105.0	133.0	161.0	201.0	255.0	331.0	421.0	541.0			
44564_44991_SO2_NC1_F6_1_val_1_FR	44564_44991_SO2_NC1_F6_1_val_1	196.0	130.0	63.0	30.0	500.0	212.821966	98.819055	9105.0	FR	25.0	49.0	75.0	99.0	127.0	151.0	193.0	247.0	327.0	433.0	567.0			
44564_44991_SO3_NC1_G6_1_val_1_FR	44564_44991_SO3_NC1_G6_1_val_1	182.0	130.0	63.0	30.0	500.0	204.708754	103.394735	1188.0	FR	25.0	51.0	75.0	103.0	127.0	163.0	203.0	259.0	353.0	461.0	609.0			
44994_45005_PO1_NC3_B6_1_val_1_FR	44994_45005_PO1_NC3_B6_1_val_1	204.0	130.0	69.0	30.0	500.0	220.04006	105.403892	3994.0	FR	29.0	57.0	81.0	109.0	139.0	173.0	227.0	285.0	345.0	435.0	553.0			
44994_45005_PO2_NC3_C5_1_val_1_FR	44994_45005_PO2_NC3_C5_1_val_1	197.0	130.0	67.0	30.0	500.0	211.129554	102.148183	15345.0	FR	27.0	53.0	79.0	105.0	135.0	167.0	213.0	267.0	333.0	427.0	555.0			
44994_45005_SO1_NC1_P5_1_val_1_FR	44994_45005_SO1_NC1_P5_1_val_1	148.0	30.0	65.0	30.0	500.0	163.834372	99.604856	1926.0	FR	23.0	39.0	65.0	95.0	131.0	167.0	195.0	215.0	313.0	447.0	627.0			
44994_45005_SO2_NC1_A6_1_val_1_FR	44994_45005_SO2_NC1_A6_1_val_1	201.0	130.0	64.0	30.0	500.0	215.895687	100.973986	6538.0	FR	25.0	49.0	75.0	101.0	129.0	159.0	207.0	261.0	333.0	427.0	555.0			
44994_45005_SO3_NC1_D6_1_val_1_FR	44994_45005_SO3_NC1_D6_1_val_1	217.0	130.0	69.0	30.0	500.0	230.533886	102.46644	11214.0	FR	29.0	55.0	81.0	111.0	139.0	171.0	213.0	267.0	341.0	419.0	531.0			
45208_44650_PO1_NC5_A7_1_val_1_FR	45208_44650_PO1_NC5_A7_1_val_1	213.0	130.0	71.0	30.0	500.0	224.567031	105.280394	4483.0	FR	29.0	53.0	81.0	111.0	143.0	169.0	221.0	283.0	345.0	423.0	545.0			
45208_44650_PO2_NC3_B7_1_val_1_FR	45208_44650_PO2_NC3_B7_1_val_1	199.0	130.0	68.0	30.0	500.0	210.464458	103.616358	3531.0	FR	27.0	57.0	83.0	109.0	137.0	171.0	221.0	275.0	331.0	419.0	557.0			
45208_44650_PO3_NC5_C8_1_val_1_FR	45208_44650_PO3_NC5_C8_1_val_1	210.0	130.0	70.0	30.0	500.0	221.649047	103.2756	40125.0	FR	27.0	53.0	81.0	111.0	141.0	167.0	213.0	271.0	337.0	421.0	543.0			
45208_44650_SO1_NC1_N6_1_val_1_FR	45208_44650_SO1_NC1_N6_1_val_1	180.0	130.0	59.0	30.0	500.0	195.559954	98.239401	34001.0	FR	25.0	49.0	73.0	97.0	119.0	153.0	199.0	251.0	307.0	421.0	583.0			
45208_44650_SO2_NC1_O6_1_val_1_FR	45208_44650_SO2_NC1_O6_1_val_1	192.0	130.0	64.0	30.0	500.0	203.891584	101.076353	14472.0	FR	27.0	53.0	79.0	107.0	129.0	165.0	211.0	269.0	323.0	407.0	559.0			
45208_44650_SO3_NC1_P6_1_val_1_FR	45208_44650_SO3_NC1_P6_1_val_1	175.0	30.0	69.0	30.0	492.0	180.755332	99.63415	797.0	FR	23.0	47.0	79.0	99.0	139.0	181.0	219.0	255.0	291.0	393.0	551.0			
45208_45054_BL1_NC16_I7_1_val_1_FR	45208_45054_BL1_NC16_I7_1_val_1	202.0	130.0	69.0	30.0	500.0	216.567004	103.738439	3455.0	FR	25.0	51.0	77.0	109.0	139.0	163.0	207.0	265.0	339.0	443.0	565.0			
45208_45054_BL2_NC16_J7_1_val_1_FR	45208_45054_BL2_NC16_J7_1_val_1	186.0	30.0	68.0	30.0	500.0	190.185089	101.890991	21206.0	FR	27.0	53.0	79.0	107.0	137.0	183.0	233.0	273.0	309.0	385.0	547.0			
45208_45054_BL3_NC16_K7_1_val_1_FR	45208_45054_BL3_NC16_K7_1_val_1	181.0	130.0	56.0	30.0	500.0	191.083121	93.051922	27033.0	FR	23.0	45.0	69.0	93.0	113.0	149.0	191.0	241.0	287.0	375.0	549.0			
45208_45054_BL4_NC16_L7_1_val_1_FR	45208_45054_BL4_NC16_L7_1_val_1	168.0	130.0	69.0	30.0	500.0	178.801303	99.799093	23488.0	FR	27.0	51.0	75.0	103.0	139.0	179.0	217.0	245.0	293.0	399.0	585.0			
45208_45054_BL5_NC16_M7_1_val_1_FR	45208_45054_BL5_NC16_M7_1_val_1	160.0	30.0	76.0	30.0	500.0	170.537711	101.824865	15990.0	FR	29.0	55.0	81.0	117.0	153.0	191.0	219.0	235.0	297.0	407.0	595.0			
45208_45054_BL6_NC16_N7_1_val_1_FR	45208_45054_BL6_NC16_N7_1_val_1	181.0	130.0	64.0	28.0	499.0	187.731642	98.040455	14503.0	FR	25.0	49.0	75.0	101.0	129.0	171.0	217.0	257.0	297.0	377.0	559.0			
45208_45054_EO1_NC8_D7_1_val_1_FR	45208_45054_EO1_NC8_D7_1_val_1	219.0	130.0	75.0	30.0	500.0	230.135676	106.522559	26917.0	FR	29.0	57.0	87.0	119.0	151.0	179.0	221.0	283.0	351.0	423.0	531.0			
45208_45054_EO2_NC8_E7_1_val_1_FR	45208_45054_EO2_NC8_E7_1_val_1	206.0	130.0	67.0	30.0	500.0	221.432735	102.063215	3568.0	FR	29.0	51.0	79.0	107.0	135.0	161.0	203.0	259.0	333.0	439.0	549.0			
45208_45054_EO3_NC8_F7_1_val_1_FR	45208_45054_EO3_NC8_F7_1_val_1	211.0	130.0	66.0	30.0	500.0	217.867802	99.675282	2761.0	FR	25.0	51.0	75.0	103.0	133.0	163.0	205.0	267.0	329.0	389.0	531.0			
45208_45054_EO4_NC8_G7_1_val_1_FR	45208_45054_EO4_NC8_G7_1_val_1	176.0	30.0	78.0	30.0	500.0	183.535807	106.882745	6521.0	FR	29.0	59.0	87.0	117.0	157.0	203.0	239.0	263.0	311.0	421.0	585.0			
45208_45054_EO5_NC8_H7_1_val_1_FR	45208_45054_EO5_NC8_H7_1_val_1	180.0	130.0	63.0	30.0	500.0	186.403266	96.337845	7717.0	FR	25.0	49.0	75.0	99.0	127.0	167.0	213.0	255.0	293.0	373.0	535.0			
45669_44700_PO1_NC5_O8_1_val_1_FR	45669_44700_PO1_NC5_O8_1_val_1	189.0	130.0	64.0	30.0	500.0	200.427262	101.40796	15714.0	FR	27.0	51.0	77.0	103.0	129.0	169.0	217.0	265.0	317.0	413.0	565.0			
45669_44700_PO2_NC5_P8_1_val_1_FR	45669_44700_PO2_NC5_P8_1_val_1	171.0	130.0	61.0	30.0	500.0	184.383859	96.740788	32624.0	FR	23.0	45.0	69.0	89.0	123.0	159.0	199.0	241.0	297.0	409.0	579.0			
45669_44700_PO3_NC4_A9_1_val_1_FR	45669_44700_PO3_NC4_A9_1_val_1	200.0	130.0	63.0	30.0	500.0	208.438327	100.231786	64096.0	FR	23.0	45.0	71.0	97.0	127.0	161.0	211.0	271.0	319.0	401.0	547.0			
45669_44700_SO1_NC1_L8_1_val_1_FR	45669_44700_SO1_NC1_L8_1_val_1	198.0	130.0	66.0	30.0	500.0	213.42195	100.543443	21749.0	FR	27.0	53.0	79.0	105.0	133.0	159.0	199.0	255.0	331.0	431.0	555.0			
45669_44700_SO2_NC1_M8_1_val_1_FR	45669_44700_SO2_NC1_M8_1_val_1	179.0	130.0	65.0	30.0	500.0	188.607127	101.450284	6707.0	FR	25.0	49.0	75.0	99.0	131.0	175.0	223.0	263.0	299.0	411.0	579.0			
45669_44700_SO3_NC1_N8_1_val_1_FR	45669_44700_SO3_NC1_N8_1_val_1	162.0	130.0	62.0	30.0	500.0	172.441384	93.055091	4683.0	FR	23.0	43.0	65.0	93.0	125.0	159.0	195.0	227.0	271.0	375.0	569.0			
45669_44964_PO1_NC4_B8_1_val_1_FR	45669_44964_PO1_NC4_B8_1_val_1	210.0	130.0	62.0	30.0	499.0	220.528076	97.61606	3918.0	FR	21.0	45.0	69.0	95.0	125.0	155.0	199.0	253.0	329.0	399.0	539.0			
45669_44964_PO2_NC4_C7_1_val_1_FR	45669_44964_PO2_NC4_C7_1_val_1	196.0	130.0	65.0	30.0	500.0	210.331076	102.078124	11520.0	FR	25.0	51.0	77.0	103.0	131.0	167.0	215.0	267.0	333.0	421.0	553.0			
45669_44964_PO3_NC3_D8_1_val_1_FR	45669_44964_PO3_NC3_D8_1_val_1	211.0	130.0	63.0	30.0	500.0	219.897786	96.407405	15898.0	FR	23.0	47.0	71.0	99.0	127.0	157.0	193.0	253.0	325.0	385.0	519.0			
45669_44964_PO4_NC3_E8_1_val_1_FR	45669_44964_PO4_NC3_E8_1_val_1	207.0	130.0	62.0	30.0	500.0	218.856439	97.587984	18278.0	FR	25.0	47.0	71.0	97.0	125.0	155.0	199.0	257.0	325.0	403.0	535.0			
45669_44964_SO1_NC1_O7_1_val_1_FR	45669_44964_SO1_NC1_O7_1_val_1	179.0	130.0	56.0	30.0	500.0	187.786523	92.097622	43897.0	FR	23.0	45.0	67.0	91.0	113.0	149.0	193.0	239.0	281.0	363.0	545.0			
45669_44964_SO2_NC1_P7_1_val_1_FR	45669_44964_SO2_NC1_P7_1_val_1	165.0	130.0	58.0	30.0	500.0	177.81392	92.345921	4181.0	FR	21.0	43.0	65.0	85.0	117.0	151.0	187.0	225.0	279.0	391.0	573.0			
45669_44964_SO3_NC1_A8_1_val_1_FR	45669_44964_SO3_NC1_A8_1_val_1	195.0	130.0	60.0	30.0	500.0	202.217453	95.816464	8480.0	FR	25.0	47.0	71.0	95.0	121.0	153.0	201.0	259.0	307.0	369.0	525.0			
45982_44908_PO1_NC3_J8_1_val_1_FR	45982_44908_PO1_NC3_J8_1_val_1	178.0	130.0	70.0	30.0	500.0	185.735061	102.295772	3782.0	FR	29.0	55.0	83.0	105.0	141.0	185.0	229.0	261.0	297.0	391.0	581.0			
45982_44908_PO2_NC4_K8_1_val_1_FR	45982_44908_PO2_NC4_K8_1_val_1	197.0	130.0	66.0	30.0	500.0	213.497346	99.790505	20346.0	FR	27.0	51.0	79.0	105.0	133.0	155.0	197.0	253.0	331.0	429.0	557.0			
45982_44908_SO1_NC1_G8_1_val_1_FR	45982_44908_SO1_NC1_G8_1_val_1	210.0	130.0	72.0	28.0	500.0	223.698797	104.831693	28426.0	FR	27.0	55.0	83.0	113.0	145.0	169.0	213.0	271.0	343.0	439.0	551.0			
45982_44908_SO2_NC1_H8_1_val_1_FR	45982_44908_SO2_NC1_H8_1_val_1	189.0	130.0	59.0	30.0	500.0	202.324694	95.635188	17826.0	FR	23.0	47.0	71.0	95.0	119.0	147.0	191.0	245.0	305.0	401.0	557.0			
45982_44908_SO3_NC1_I8_1_val_1_FR	45982_44908_SO3_NC1_I8_1_val_1	183.0	130.0	59.0	30.0	500.0	201.039866	100.070522	8980.0	FR	27.0	51.0	75.0	97.0	119.0	157.0	201.0	255.0	325.0	431.0	587.0			
45982_45001_PO1_NC3_E9_1_val_1_FR	45982_45001_PO1_NC3_E9_1_val_1	205.0	130.0	70.0	30.0	500.0	218.007996	102.108952	11005.0	FR	29.0	55.0	81.0	109.0	141.0	167.0	207.0	261.0	331.0	419.0	553.0			
45982_45001_PO2_NC4_F8_1_val_1_FR	45982_45001_PO2_NC4_F8_1_val_1	202.0	130.0	64.0	30.0	500.0	215.344973	99.053895	18442.0	FR	25.0	49.0	73.0	99.0	129.0	159.0	203.0	257.0	321.0	409.0	545.0			
45982_45001_SO1_NC1_B9_1_val_1_FR	45982_45001_SO1_NC1_B9_1_val_1	208.0	30.0	68.0	30.0	500.0	215.468944	105.721659	21864.0	FR	25.0	49.0	75.0	105.0	137.0	175.0	233.0	295.0	339.0	409.0	539.0			
45982_45001_SO2_NC1_C10_1_val_1_FR	45982_45001_SO2_NC1_C10_1_val_1	218.0	130.0	67.0	30.0	500.0	226.967524	100.774856	6374.0	FR	27.0	51.0	79.0	105.0	135.0	169.0	203.0	261.0	339.0	405.0	531.0			
45982_45001_SO3_NC1_D9_1_val_1_FR	45982_45001_SO3_NC1_D9_1_val_1	222.0	130.0	70.0	30.0	500.0	229.873978	102.785303	7951.0	FR	25.0	51.0	79.0	109.0	141.0	177.0	213.0	273.0	349.0	397.0	519.0			
46363_44664_PO1_NC5_L9_1_val_1_FR	46363_44664_PO1_NC5_L9_1_val_1	185.0	30.0	62.0	30.0	500.0	189.814063	98.192977	9557.0	FR	23.0	47.0	73.0	99.0	125.0	167.0	217.0	265.0	305.0	377.0	545.0			
46363_44664_SO1_NC1_I9_1_val_1_FR	46363_44664_SO1_NC1_I9_1_val_1	187.0	30.0	66.0	30.0	500.0	192.103864	101.524602	69764.0	FR	25.0	51.0	77.0	105.0	133.0	177.0	227.0	273.0	313.0	387.0	559.0			
46363_44664_SO2_NC1_J9_1_val_1_FR	46363_44664_SO2_NC1_J9_1_val_1	168.0	30.0	78.0	30.0	500.0	176.647827	105.697218	9802.0	FR	29.0	57.0	81.0	115.0	157.0	199.0	233.0	251.0	309.0	419.0	587.0			
46363_44664_SO3_NC1_K9_1_val_1_FR	46363_44664_SO3_NC1_K9_1_val_1	180.0	130.0	62.0	30.0	500.0	195.804054	99.817697	15443.0	FR	25.0	51.0	75.0	101.0	125.0	161.0	201.0	253.0	317.0	427.0	585.0			
46363_44914_PO1_NC4_H9_1_val_1_FR	46363_44914_PO1_NC4_H9_1_val_1	200.0	130.0	68.0	30.0	500.0	209.151862	102.841297	18102.0	FR	25.0	51.0	77.0	105.0	137.0	169.0	215.0	275.0	333.0	411.0	555.0			
46363_44914_SO1_NC1_F9_1_val_1_FR	46363_44914_SO1_NC1_F9_1_val_1	198.0	30.0	78.0	30.0	500.0	205.414647	114.345359	18939.0	FR	31.0	59.0	91.0	125.0	157.0	207.0	261.0	303.0	343.0	455.0	575.0			
46363_44914_SO2_NC1_G9_1_val_1_FR	46363_44914_SO2_NC1_G9_1_val_1	198.0	130.0	61.0	30.0	500.0	206.363282	95.77608	35917.0	FR	23.0	47.0	71.0	95.0	123.0	151.0	195.0	253.0	309.0	381.0	543.0			
46363_44914_SO3_NC1_I6_1_val_1_FR	46363_44914_SO3_NC1_I6_1_val_1	193.0	130.0	63.0	30.0	500.0	209.943166	98.871073	9994.0	FR	27.0	49.0	75.0	101.0	127.0	153.0	193.0	245.0	325.0	431.0	571.0			
46606_44938_PO1_NC4_P9_1_val_1_FR	46606_44938_PO1_NC4_P9_1_val_1	196.0	130.0	67.0	30.0	500.0	210.993283	103.15457	10719.0	FR	27.0	53.0	81.0	111.0	135.0	167.0	209.0	263.0	333.0	435.0	565.0			
46606_44938_PO2_NC3_A10_1_val_1_FR	46606_44938_PO2_NC3_A10_1_val_1	214.0	130.0	67.0	30.0	500.0	226.405326	101.685994	14645.0	FR	25.0	49.0	77.0	105.0	135.0	167.0	207.0	265.0	341.0	417.0	541.0			
46606_44938_PO3_NC5_B10_1_val_1_FR	46606_44938_PO3_NC5_B10_1_val_1	206.0	130.0	57.0	30.0	500.0	211.547078	92.629014	17301.0	FR	21.0	43.0	65.0	87.0	115.0	145.0	185.0	245.0	315.0	355.0	513.0			
46606_44938_SO1_NC1_M9_1_val_1_FR	46606_44938_SO1_NC1_M9_1_val_1	159.0	30.0	90.0	29.0	500.0	174.317855	113.45651	28060.0	FR	35.0	61.0	101.0	141.0	181.0	211.0	229.0	257.0	355.0	477.0	633.0			
46606_44938_SO2_NC1_N9_1_val_1_FR	46606_44938_SO2_NC1_N9_1_val_1	183.0	130.0	65.0	30.0	500.0	190.911515	99.024922	9674.0	FR	25.0	51.0	77.0	103.0	131.0	167.0	213.0	259.0	305.0	395.0	561.0			
46606_44938_SO3_NC1_O9_1_val_1_FR	46606_44938_SO3_NC1_O9_1_val_1	202.0	130.0	70.0	30.0	500.0	215.311277	103.220112	9808.0	FR	27.0	53.0	81.0	111.0	141.0	167.0	211.0	267.0	341.0	427.0	555.0			
46606_44993_PO1_NC5_C9_1_val_1_FR	46606_44993_PO1_NC5_C9_1_val_1	188.0	130.0	65.0	30.0	499.0	205.651469	107.538459	1974.0	FR	29.0	57.0	83.0	111.0	131.0	169.0	219.0	271.0	357.0	473.0	587.0			
46606_44993_PO2_NC5_D10_1_val_1_FR	46606_44993_PO2_NC5_D10_1_val_1	227.0	130.0	75.0	30.0	500.0	236.933714	106.299166	20864.0	FR	29.0	57.0	87.0	117.0	151.0	187.0	223.0	283.0	359.0	415.0	521.0			
46606_44993_PO3_NC5_E10_1_val_1_FR	46606_44993_PO3_NC5_E10_1_val_1	203.0	130.0	64.0	30.0	500.0	210.683165	97.77225	20891.0	FR	25.0	47.0	71.0	99.0	129.0	155.0	201.0	259.0	319.0	387.0	535.0			
46606_44993_PO4_NC5_F10_1_val_1_FR	46606_44993_PO4_NC5_F10_1_val_1	204.0	130.0	66.0	30.0	500.0	215.162281	99.816986	50844.0	FR	25.0	49.0	75.0	103.0	133.0	159.0	203.0	259.0	323.0	411.0	543.0			
