Sample	Picard_mqc-generalstats-picard-summed_median	Picard_mqc-generalstats-picard-summed_mean	Bismark_mqc-generalstats-bismark-percent_cpg_meth	Bismark_mqc-generalstats-bismark-total_c	Bismark_mqc-generalstats-bismark-C_coverage	Bismark_mqc-generalstats-bismark-dup_reads_percent	Bismark_mqc-generalstats-bismark-dedup_reads	Bismark_mqc-generalstats-bismark-aligned_reads	Bismark_mqc-generalstats-bismark-percent_aligned	FastQC_mqc-generalstats-fastqc-percent_duplicates	FastQC_mqc-generalstats-fastqc-percent_gc	FastQC_mqc-generalstats-fastqc-avg_sequence_length	FastQC_mqc-generalstats-fastqc-median_sequence_length	FastQC_mqc-generalstats-fastqc-percent_fails	FastQC_mqc-generalstats-fastqc-total_sequences
38897_44643_SO1_NC1_A1_1_val_1	142	156.495345	93.0	135339.0	0.000	5.16	3163.0	3335.0	0.0763966265448841	8.19659610024712	22.0	119.88408787696638	127	9.090909090909092	4365376.0
38897_44643_SO1_NC1_A1_2_val_2										9.170097169826533	21.0	110.10744320764123	117	18.181818181818183	4365376.0
38897_44643_SO2_NC1_B1_1_val_1	200	209.420492	83.4	235337.0	0.000	6.21	4847.0	5168.0	0.20770827597709907	8.63546028344389	22.0	124.29896648252385	127	9.090909090909092	2488105.0
38897_44643_SO2_NC1_B1_2_val_2										9.595185724426244	22.0	114.13997721157266	117	18.181818181818183	2488105.0
38897_44643_SO3_NC1_C2_1_val_1	213	220.619992	81.2	760186.0	0.001	7.11	15616.0	16812.0	0.19841080170497333	10.521685348867521	22.0	124.8705936002249	127	9.090909090909092	8473329.0
38897_44643_SO3_NC1_C2_2_val_2										12.570920057498142	22.0	114.70320130376149	117	18.181818181818183	8473329.0
38897_44700_PO1_NC5_D1_1_val_1	217	228.45405600000004	94.4	1467199.0	0.003	7.5	26832.0	29011.0	0.27007530102676275	12.26193579919267	22.0	124.34803034756031	127	9.090909090909092	10741819.0
38897_44700_PO1_NC5_D1_2_val_2										16.099551647478307	22.0	114.17875910960704	117	9.090909090909092	10741819.0
38897_44700_SO1_NC1_E1_1_val_1	180	192.227046	95.4	204470.0	0.000	5.65	4056.0	4299.0	0.10300198432759758	9.140544591624206	22.0	122.44157710198083	127	9.090909090909092	4173706.0
38897_44700_SO1_NC1_E1_2_val_2										10.81822771862953	21.0	112.49295062948852	117	18.181818181818183	4173706.0
38897_44700_SO2_NC1_F1_1_val_1	208	218.778254	91.5	317599.0	0.001	6.69	6124.0	6563.0	0.21606235817101224	9.336164857979242	22.0	124.12431371477464	127	9.090909090909092	3037549.0
38897_44700_SO2_NC1_F1_2_val_2										12.106716350286703	22.0	113.9881954167653	117	9.090909090909092	3037549.0
38897_44700_SO3_NC1_G1_1_val_1	184	198.195345	95.8	398606.0	0.001	6.53	7869.0	8419.0	0.13426710557981172	10.353752641117325	22.0	123.23311681652837	127	9.090909090909092	6270337.0
38897_44700_SO3_NC1_G1_2_val_2										11.957207708611932	22.0	113.1595030697712	117	18.181818181818183	6270337.0
38897_44700_SO4_NC1_H1_1_val_1	187	201.025011	84.7	303972.0	0.001	6.65	6733.0	7213.0	0.20842278879111314	9.395594358709374	22.0	123.23748061838548	127	9.090909090909092	3460754.0
38897_44700_SO4_NC1_H1_2_val_2										11.270596160191772	22.0	113.21521928458365	117	18.181818181818183	3460754.0
39053_45005_PO1_NC2_I1_1_val_1	195	210.348783	95.2	730919.0	0.001	7.1	13118.0	14120.0	0.5298381029394382	10.615936654290266	24.0	122.73022347385425	127	18.181818181818183	2664965.0
39053_45005_PO1_NC2_I1_2_val_2										13.71212895989467	23.0	112.62981952858668	117	9.090909090909092	2664965.0
39053_45005_SO1_NC1_J1_1_val_1	190	206.992525	95.6	605722.0	0.001	7.02	10857.0	11677.0	1.1554899378269823	13.763141462539949	27.0	122.18968064462821	127	18.181818181818183	1010567.0
39053_45005_SO1_NC1_J1_2_val_2										19.884475499848463	26.0	111.9933166232422	117	9.090909090909092	1010567.0
39053_45005_SO2_NC1_K1_1_val_1	186	200.874828	95.9	564484.0	0.001	6.57	10417.0	11150.0	0.4314170677104251	11.668052177424542	23.0	121.58829153424291	127	18.181818181818183	2584506.0
39053_45005_SO2_NC1_K1_2_val_2										17.178620167658636	23.0	111.5661491983381	117	18.181818181818183	2584506.0
41237_44641_PO1_NC4_N2_1_val_1	181	191.70972999999998	88.4	2303054.0	0.004	6.22	49444.0	52725.0	0.10476936789684549	10.581743212863003	22.0	122.96513595358029	127	9.090909090909092	50324824.0
41237_44641_PO1_NC4_N2_2_val_2										12.482470682309682	21.0	112.984355474348	117	18.181818181818183	50324824.0
41237_44641_SO1_NC1_K2_1_val_1	173	181.32051	87.9	666546.0	0.001	5.08	14384.0	15154.0	0.05675728343626287	9.838422505083344	22.0	123.3066143134348	127	9.090909090909092	26699657.0
41237_44641_SO1_NC1_K2_2_val_2										11.472984815844683	21.0	113.30696480482877	117	18.181818181818183	26699657.0
41237_44641_SO2_NC1_L2_1_val_1	185	200.493239	89.2	874133.0	0.002	6.4	18394.0	19654.0	0.20264450355396021	10.387759770909426	22.0	123.85772363842875	127	9.090909090909092	9698758.0
41237_44641_SO2_NC1_L2_2_val_2										12.376575987538303	22.0	113.77951032493027	117	18.181818181818183	9698758.0
41237_44641_SO3_NC1_M2_1_val_1	169	179.681336	90.9	398119.0	0.001	5.82	8902.0	9452.0	0.10391617311431779	9.191964560224761	21.0	121.14444820808917	127	9.090909090909092	9095793.0
41237_44641_SO3_NC1_M2_2_val_2										11.273795019217374	21.0	111.25725343573671	117	18.181818181818183	9095793.0
41299_44636_SOe_NC1_L1_1_val_1	197	207.699832	91.9	242755.0	0.000	5.47	4802.0	5080.0	0.25394616341335635	8.186905417947187	23.0	122.8099432920221	127	9.090909090909092	2000424.0
41299_44636_SOe_NC1_L1_2_val_2										9.935234498932687	22.0	112.75096629514543	117	18.181818181818183	2000424.0
41299_44963_PO1_NC3_N1_1_val_1	151	162.291924	95.3	178959.0	0.000	5.07	4101.0	4320.0	0.1456781147633304	13.291114981575987	22.0	119.09971296015905	127	9.090909090909092	2965442.0
41299_44963_PO1_NC3_N1_2_val_2										18.9200900803322	22.0	109.3230887672057	117	9.090909090909092	2965442.0
41299_44963_PO2_NC4_M1_1_val_1	157	171.692357	97.9	225419.0	0.000	5.71	4720.0	5006.0	0.21389771108939565	9.832712600773576	23.0	118.93875500935536	127	18.181818181818183	2340371.0
41299_44963_PO2_NC4_M1_2_val_2										12.319950560723086	22.0	108.71301216772896	117	18.181818181818183	2340371.0
41299_44963_PO3_NC3_O1_1_val_1	174	190.831376	98.6	1224357.0	0.002	8.16	23631.0	25732.0	0.5288019508048961	16.94929569464564	26.0	121.4512685122811	127	18.181818181818183	4866094.0
41299_44963_PO3_NC3_O1_2_val_2										22.182799406650304	25.0	111.4208998017712	117	9.090909090909092	4866094.0
41299_44963_SO1_NC1_P1_1_val_1	160	166.759109	84.3	120435.0	0.000	4.9	2875.0	3023.0	0.057150635311643945	8.989683503223873	21.0	122.37502556937952	127	9.090909090909092	5289530.0
41299_44963_SO1_NC1_P1_2_val_2										10.33945380191679	21.0	112.44416838547092	117	18.181818181818183	5289530.0
41299_44963_SO2_NC1_A2_1_val_1	210	225.02872500000004	97.1	282253.0	0.001	6.75	5068.0	5435.0	0.29139622487746347	9.454377469833403	23.0	124.25090957441675	127	18.181818181818183	1865158.0
41299_44963_SO2_NC1_A2_2_val_2										11.68038554733883	23.0	114.09274549394743	117	18.181818181818183	1865158.0
41299_44963_SO3_NC1_B2_1_val_1	207	223.726591	96.5	233643.0	0.000	6.17	4169.0	4443.0	0.41301033687811406	10.093683113320012	24.0	124.31329571651669	127	18.181818181818183	1075760.0
41299_44963_SO3_NC1_B2_2_val_2										13.742312544843813	24.0	114.07066074217298	117	9.090909090909092	1075760.0
41299_45019_EO1_NC8_C1_1_val_1	175	185.794582	85.0	20613.0	0.000	6.98	453.0	487.0	0.15133012028724757	6.558619357825151	23.0	120.02166475561894	127	18.181818181818183	321813.0
41299_45019_EO1_NC8_C1_2_val_2										8.313728686437727	22.0	107.85108121797441	117	27.27272727272727	321813.0
41299_45019_EO2_NC8_D2_1_val_1	204	211.972281	56.7	1526036.0	0.003	6.86	33820.0	36312.0	0.18454330867368796	10.134381246149857	22.0	124.9524318683404	127	9.090909090909092	19676682.0
41299_45019_EO2_NC8_D2_2_val_2										12.162221401486036	21.0	114.81262857223591	117	18.181818181818183	19676682.0
41299_45019_EO3_NC8_E2_1_val_1	188	196.76727799999998	51.5	1908441.0	0.004	6.17	44876.0	47826.0	0.18517523308941175	9.34630740003874	23.0	124.54606331687383	127	9.090909090909092	25827428.0
41299_45019_EO3_NC8_E2_2_val_2										10.441762137641533	22.0	114.42808652878638	117	18.181818181818183	25827428.0
41299_45019_EO4_NC8_F2_1_val_1	194	201.429035	68.2	1771865.0	0.003	6.5	39166.0	41891.0	0.1990336290385841	10.454605419860755	22.0	123.14651860767968	127	9.090909090909092	21047197.0
41299_45019_EO4_NC8_F2_2_val_2										12.357929734234446	21.0	113.1216006577978	117	9.090909090909092	21047197.0
41299_45019_EO5_NC8_G2_1_val_1	185	194.212247	74.2	1027781.0	0.002	6.56	22472.0	24050.0	0.13428873955137285	9.49494602892949	22.0	123.06963365305965	127	9.090909090909092	17909171.0
41299_45019_EO5_NC8_G2_2_val_2										11.206580924410531	21.0	113.047069403715	117	9.090909090909092	17909171.0
41299_45019_EO6_NC8_H2_1_val_1	193	205.898583	91.7	808105.0	0.002	7.05	16405.0	17650.0	0.24265004089993608	9.757579764481562	22.0	122.91258604452938	127	9.090909090909092	7273850.0
41299_45019_EO6_NC8_H2_2_val_2										11.848151015578395	22.0	112.90047072733147	117	9.090909090909092	7273850.0
41299_45019_EO7_NC8_I2_1_val_1	191	195.6	68.7	18656.0	0.000	6.98	413.0	444.0	0.08108966983354701	7.024726080506142	22.0	123.71536247447685	127	9.090909090909092	547542.0
41299_45019_EO7_NC8_I2_2_val_2										7.906010780060214	21.0	113.65163037721307	117	18.181818181818183	547542.0
41299_45019_EO8_NC8_J2_1_val_1	192	203.306052	91.9	1011350.0	0.002	7.07	20838.0	22425.0	0.14717472760862035	10.814657361388285	22.0	123.45824231306561	127	9.090909090909092	15236991.0
41299_45019_EO8_NC8_J2_2_val_2										12.892172631221854	22.0	113.4150559647899	117	18.181818181818183	15236991.0
41391_44650_PO1_NC4_F3_1_val_1	197	208.70847500000002	88.0	1345868.0	0.003	3.34	26726.0	27650.0	0.22706020593744786	8.021917253026714	23.0	122.24989917787782	127	9.090909090909092	12177387.0
41391_44650_PO1_NC4_F3_2_val_2										10.695487452254653	22.0	112.32348417603875	117	18.181818181818183	12177387.0
41391_44650_PO2_NC4_G3_1_val_1	196	205.02837500000004	84.3	1332168.0	0.003	3.13	28014.0	28918.0	0.21468371901867014	7.31379508159165	22.0	120.65361578518502	127	9.090909090909092	13470048.0
41391_44650_PO2_NC4_G3_2_val_2										10.337914178419567	22.0	110.94346300770421	117	18.181818181818183	13470048.0
41391_44650_PO3_NC3_E3_1_val_1	199	208.131005	84.6	2870055.0	0.005	3.22	60205.0	62205.0	0.2288504460036009	7.930739356132747	22.0	121.43382966220379	127	9.090909090909092	27181507.0
41391_44650_PO3_NC3_E3_2_val_2										11.23989678795914	22.0	111.6051889617452	117	18.181818181818183	27181507.0
41391_44650_SO1_NC1_B3_1_val_1	194	206.089947	92.1	48603.0	0.000	4.22	954.0	996.0	0.1964512540532864	6.5147069487633615	23.0	121.61849205910895	127	18.181818181818183	506996.0
41391_44650_SO1_NC1_B3_2_val_2										7.269141174565988	22.0	111.66746877687397	117	18.181818181818183	506996.0
41391_44650_SO2_NC1_C4_1_val_1	191	200.399184	83.7	703504.0	0.001	3.17	15246.0	15747.0	0.18384101995516225	6.813990737991972	22.0	121.56158989384573	127	9.090909090909092	8565553.0
41391_44650_SO2_NC1_C4_2_val_2										9.037884361942275	22.0	111.69303709871389	117	18.181818181818183	8565553.0
41391_44650_SO3_NC1_D3_1_val_1	192	198.284158	86.8	388187.0	0.001	2.72	8313.0	8546.0	0.17495548830207808	5.894026936715406	22.0	120.43082369314126	127	9.090909090909092	4884671.0
41391_44650_SO3_NC1_D3_2_val_2										7.629072935833932	21.0	110.64030678831799	117	18.181818181818183	4884671.0
41391_44923_PO1_NC3_H3_1_val_1	174	183.323732	75.6	2220522.0	0.004	2.95	53934.0	55575.0	0.12921308776173845	7.488720255585548	23.0	121.65539998292039	127	9.090909090909092	43010349.0
41391_44923_PO1_NC3_H3_2_val_2										9.757409716197628	22.0	111.77569454272505	117	9.090909090909092	43010349.0
41391_44923_PO2_NC3_I3_1_val_1	187	195.41247	82.0	1611319.0	0.003	3.17	35666.0	36835.0	0.19957781719788084	7.762775635422315	22.0	120.15066730022984	127	9.090909090909092	18456460.0
41391_44923_PO2_NC3_I3_2_val_2										10.547077266286834	22.0	110.42222273393706	117	18.181818181818183	18456460.0
41391_44923_PO3_NC5_J3_1_val_1	196	213.177303	95.7	2544662.0	0.005	5.67	46326.0	49110.0	0.9775398719225707	11.256191716109498	25.0	119.87326278166724	127	18.181818181818183	5023836.0
41391_44923_PO3_NC5_J3_2_val_2										15.197413052191948	24.0	110.0804283818182	117	18.181818181818183	5023836.0
41391_44923_PO4_NC4_K3_1_val_1	180	195.822776	95.0	997720.0	0.002	3.77	19413.0	20173.0	0.4864221125423507	8.008624965204604	23.0	118.91646285548805	127	9.090909090909092	4147221.0
41391_44923_PO4_NC4_K3_2_val_2										12.148714951250724	23.0	109.23912735781383	117	18.181818181818183	4147221.0
41391_44923_SO1_NC1_O2_1_val_1	187	199.417649	93.2	372984.0	0.001	6.1	6943.0	7394.0	0.3097578325497921	14.43523188220037	23.0	123.10638426225772	127	9.090909090909092	2387026.0
41391_44923_SO1_NC1_O2_2_val_2										19.770815712205263	23.0	112.9942388562169	117	9.090909090909092	2387026.0
41391_44923_SO2_NC1_P2_1_val_1	180	194.92526	96.0	537309.0	0.001	6.53	9972.0	10669.0	0.44284446525358234	11.705871917420168	24.0	122.85688805984398	127	18.181818181818183	2409198.0
41391_44923_SO2_NC1_P2_2_val_2										17.292823470069962	23.0	112.75619272471586	117	18.181818181818183	2409198.0
41391_44923_SO3_NC1_A3_1_val_1	196	189.544828	81.4	6020.0	0.000	2.03	145.0	148.0	0.21719350767514894	2.773619793959668	23.0	119.26651697924922	127	18.181818181818183	68142.0
41391_44923_SO3_NC1_A3_2_val_2										3.058319391858177	22.0	109.30537700683865	117	27.27272727272727	68142.0
41460_44643_PO1_NC5_O3_1_val_1	181	194.962675	95.1	1032195.0	0.002	3.42	21148.0	21898.0	0.1432855150043778	7.730432559529049	22.0	120.67974810592293	127	9.090909090909092	15282773.0
41460_44643_PO1_NC5_O3_2_val_2										10.427073909978091	22.0	110.91093324490261	117	18.181818181818183	15282773.0
41460_44643_PO2_NC5_P3_1_val_1	161	179.647283	97.9	1507152.0	0.003	4.46	31863.0	33349.0	0.17895794946998952	7.632754026926165	23.0	117.4219351821165	127	9.090909090909092	18635104.0
41460_44643_PO2_NC5_P3_2_val_2										9.368656808532918	22.0	107.94251097283922	117	18.181818181818183	18635104.0
41460_44643_PO3_NC5_A4_1_val_1	186	198.172601	82.4	1349184.0	0.003	3.12	30308.0	31287.0	0.27016436272400146	7.5299250162849205	22.0	121.6522129696855	127	9.090909090909092	11580728.0
41460_44643_PO3_NC5_A4_2_val_2										9.790820733196952	22.0	111.71763519530033	117	18.181818181818183	11580728.0
41460_44643_SO1_NC1_L3_1_val_1	157	169.583792	73.0	239833.0	0.001	2.38	6305.0	6459.0	0.4684297630944938	4.483745982350214	22.0	117.54516115463332	127	9.090909090909092	1378862.0
41460_44643_SO1_NC1_L3_2_val_2										5.246590882482565	22.0	108.03276252445858	117	18.181818181818183	1378862.0
41460_44643_SO2_NC1_M3_1_val_1	139	158.278475	97.0	275777.0	0.001	2.17	6441.0	6584.0	0.10732296682148951	5.9923244234851865	22.0	116.13823031860773	127	9.090909090909092	6134754.0
41460_44643_SO2_NC1_M3_2_val_2										7.6603124376505605	21.0	106.741228417635	117	18.181818181818183	6134754.0
41460_44643_SO3_NC1_N3_1_val_1	175	187.092461	91.2	358185.0	0.001	2.76	7813.0	8037.0	0.12568493755865337	6.281521191775525	22.0	119.89708972985011	127	9.090909090909092	6394561.0
41460_44643_SO3_NC1_N3_2_val_2										7.851886164437175	22.0	110.22004638004078	117	9.090909090909092	6394561.0
41460_45001_PO1_NC5_E4_1_val_1	205	215.888821	93.7	1672092.0	0.003	4.05	32918.0	34307.0	0.2848414089184163	7.672251465921619	22.0	120.9389287631621	127	9.090909090909092	12044246.0
41460_45001_PO1_NC5_E4_2_val_2										11.560620876966738	22.0	111.09611668509594	117	9.090909090909092	12044246.0
41460_45001_PO2_NC3_F4_1_val_1	210	222.641384	91.7	684276.0	0.001	3.25	13237.0	13682.0	0.5407323797599626	8.069378740188228	24.0	121.74071008966625	127	18.181818181818183	2530272.0
41460_45001_PO2_NC3_F4_2_val_2										11.920994980812381	23.0	111.77053889858482	117	9.090909090909092	2530272.0
41460_45001_PO3_NC4_G4_1_val_1	194	200.730537	74.8	307093.0	0.001	2.28	7060.0	7226.0	0.32215566993533257	5.090919674228616	22.0	120.05114990314377	127	9.090909090909092	2243015.0
41460_45001_PO3_NC4_G4_2_val_2										5.8872308720241335	22.0	110.35334048145019	117	18.181818181818183	2243015.0
41460_45001_SO1_NC1_B4_1_val_1	186	196.201135	87.4	357678.0	0.001	3.05	7856.0	8103.0	0.1731428014646304	6.1181068752939325	22.0	121.01640444175496	127	9.090909090909092	4679952.0
41460_45001_SO1_NC1_B4_2_val_2										7.913727211697946	22.0	111.14698334512832	117	18.181818181818183	4679952.0
41460_45001_SO2_NC1_C3_1_val_1	189	200.228962	93.3	420204.0	0.001	3.14	8749.0	9034.0	0.15672782012489994	6.121269425328663	22.0	119.96900071528538	127	9.090909090909092	5764133.0
41460_45001_SO2_NC1_C3_2_val_2										8.618485145338397	22.0	109.71535441670065	117	18.181818181818183	5764133.0
41460_45001_SO3_NC1_D4_1_val_1	218	224.364662	87.4	172712.0	0.000	2.69	3505.0	3603.0	0.22386126193631603	5.284207549854386	22.0	122.24101960945126	127	9.090909090909092	1609479.0
41460_45001_SO3_NC1_D4_2_val_2										6.851674111585709	22.0	112.27930653335645	117	18.181818181818183	1609479.0
42111_44957_PO1_NC3_K4_1_val_1	168	187.21922499999997	93.4	537993.0	0.001	3.36	11459.0	11858.0	0.37331170740522235	7.3142617928199485	24.0	117.66262828064427	127	18.181818181818183	3176434.0
42111_44957_PO1_NC3_K4_2_val_2										9.977056351801778	23.0	108.08064263258736	117	18.181818181818183	3176434.0
42111_44957_PO2_NC3_L4_1_val_1	182	198.983667	91.3	1710309.0	0.003	3.77	37238.0	38697.0	0.4228007113654474	8.463395908410533	22.0	120.12426027356999	127	9.090909090909092	9152539.0
42111_44957_PO2_NC3_L4_2_val_2										11.683893335343072	22.0	110.37826137643336	117	9.090909090909092	9152539.0
42111_44957_SO1_NC1_H4_1_val_1	178	194.697659	94.8	304988.0	0.001	2.97	6133.0	6321.0	0.31506070937257014	6.618914587945426	23.0	118.95044560081345	127	18.181818181818183	2006280.0
42111_44957_SO1_NC1_H4_2_val_2										9.11385807276777	23.0	109.2985221404789	117	18.181818181818183	2006280.0
42111_44957_SO2_NC1_B5_1_val_1	210	220.770332	83.0	479425.0	0.001	4.92	9766.0	10271.0	0.212780503165501	8.375636355548949	22.0	123.97620881534024	127	9.090909090909092	4827040.0
42111_44957_SO2_NC1_B5_2_val_2										10.271922125502002	22.0	113.94733107660181	117	18.181818181818183	4827040.0
42111_44957_SO3_NC1_J4_1_val_1	183	199.244191	94.9	357047.0	0.001	3.11	7269.0	7502.0	0.23829429313437991	6.480199127984392	23.0	119.19519771247643	127	9.090909090909092	3148208.0
42111_44957_SO3_NC1_J4_2_val_2										7.929140374851968	22.0	109.4906067197593	117	18.181818181818183	3148208.0
42111_45019_EOo_NC8_M4_1_val_1	148	165.704371	90.0	255822.0	0.001	2.69	6077.0	6245.0	0.12790796034013482	5.457939586398069	22.0	117.22369002893444	127	9.090909090909092	4882417.0
42111_45019_EOo_NC8_M4_2_val_2										6.378407883132155	22.0	107.6797790930189	117	18.181818181818183	4882417.0
42473_44998_PO1_NC2_I4_1_val_1	194	210.585982	98.0	570346.0	0.001	3.45	11186.0	11586.0	1.1185470666378325	12.377841447259925	27.0	118.91571217831876	127	18.181818181818183	1035808.0
42473_44998_PO1_NC2_I4_2_val_2										20.387500727656374	26.0	109.10802870802311	117	9.090909090909092	1035808.0
42473_44998_SO1_NC1_P4_1_val_1	165	186.927586	94.4	28518.0	0.000	2.17	585.0	598.0	0.3244164031009434	7.239944093526049	24.0	116.63615452636833	127	18.181818181818183	184331.0
42473_44998_SO1_NC1_P4_2_val_2										8.536904041662453	24.0	106.25979894863045	117	27.27272727272727	184331.0
42473_44998_SO2_NC1_A5_1_val_1	197	212.506444	95.3	415738.0	0.001	5.37	8025.0	8480.0	0.27674903431557485	8.238412075195427	23.0	122.10037341538333	127	18.181818181818183	3064148.0
42473_44998_SO2_NC1_A5_2_val_2										11.319406666896825	22.0	112.13126944259872	117	9.090909090909092	3064148.0
42473_45061_EO1_NC8_O4_1_val_1	162	179.829175	96.8	199964.0	0.000	2.95	4208.0	4336.0	0.2938589178997762	7.911637741047187	24.0	118.21946029177154	127	18.181818181818183	1475538.0
42473_45061_EO1_NC8_O4_2_val_2										11.720673351899563	23.0	108.57579608251363	117	18.181818181818183	1475538.0
42651_45042_PO1_NC3_E5_1_val_1	199	209.428415	86.4	793914.0	0.001	4.61	16688.0	17495.0	0.15726741771484642	7.93930596962818	22.0	123.16952088227247	127	9.090909090909092	11124364.0
42651_45042_PO1_NC3_E5_2_val_2										10.934499071476253	22.0	113.1431296207136	117	18.181818181818183	11124364.0
42651_45042_PO2_NC4_N4_1_val_1	153	166.068305	80.4	414200.0	0.001	2.48	10463.0	10729.0	0.12274718473171005	5.975694517799596	21.0	117.11090778459007	127	9.090909090909092	8740730.0
42651_45042_PO2_NC4_N4_2_val_2										8.114475099597655	21.0	107.63617855716856	117	9.090909090909092	8740730.0
42651_45042_PO3_NC4_G5_1_val_1	207	221.308365	95.3	718882.0	0.001	4.87	13146.0	13820.0	0.2721430298695683	9.346562015650221	23.0	122.20805689088995	127	18.181818181818183	5078212.0
42651_45042_PO3_NC4_G5_2_val_2										10.644659690423168	22.0	112.22964834867075	117	9.090909090909092	5078212.0
42651_45042_SO1_NC1_C6_1_val_1	201	215.07115400000004	92.8	285197.0	0.001	4.66	5522.0	5792.0	0.2358054637493883	7.4922303276365625	22.0	122.52860932587811	127	9.090909090909092	2456262.0
42651_45042_SO1_NC1_C6_2_val_2										10.516066883577736	22.0	112.57337897992967	117	18.181818181818183	2456262.0
42651_45042_SO2_NC1_D5_1_val_1	221	232.339784	94.6	251858.0	0.000	4.43	4487.0	4695.0	0.3544404709868393	7.898366023163959	23.0	124.12855431318948	127	18.181818181818183	1324623.0
42651_45042_SO2_NC1_D5_2_val_2										9.28829495347901	23.0	114.01803607517007	117	18.181818181818183	1324623.0
42651_45042_SO3_NC1_F5_1_val_1	207	213.748709	81.0	1628928.0	0.003	4.68	34977.0	36698.0	0.12733618686031983	8.7279002640947	21.0	123.62006196232011	127	9.090909090909092	28819773.0
42651_45042_SO3_NC1_F5_2_val_2										11.921678441737512	21.0	113.63362341542384	117	18.181818181818183	28819773.0
43028_44664_PO2_NC5_K5_1_val_1	171	183.006997	80.5	1562286.0	0.003	4.6	37518.0	39326.0	0.11621308466660756	9.219610005493124	22.0	122.08989386180903	127	9.090909090909092	33839563.0
43028_44664_PO2_NC5_K5_2_val_2										11.086132136498762	21.0	112.20908703815117	117	18.181818181818183	33839563.0
43028_44664_SO1_NC1_H5_1_val_1	187	199.76986400000004	92.7	575010.0	0.001	4.53	11820.0	12381.0	0.12998179561961035	8.15511998619833	22.0	121.76405359268801	127	9.090909090909092	9525180.0
43028_44664_SO1_NC1_H5_2_val_2										9.780248416611286	22.0	111.90496316080116	117	18.181818181818183	9525180.0
43028_44664_SO2_NC1_I5_1_val_1	199	210.724308	84.8	681655.0	0.001	4.59	14372.0	15064.0	0.23817263531759936	7.666089984468556	22.0	122.74970860849251	127	9.090909090909092	6324824.0
43028_44664_SO2_NC1_I5_2_val_2										9.375422684492037	22.0	112.81609970490878	117	18.181818181818183	6324824.0
43028_44664_SO3_NC1_J5_1_val_1	185	197.946341	91.2	953467.0	0.002	5.16	20066.0	21160.0	0.12472866652028536	8.998051673615933	22.0	122.25192791555469	127	9.090909090909092	16964825.0
43028_44664_SO3_NC1_J5_2_val_2										11.205637716201522	21.0	112.32651630653426	117	18.181818181818183	16964825.0
43051_44931_SO1_NC1_L5_1_val_1	201	212.56891599999997	90.6	2043769.0	0.004	5.36	41712.0	44075.0	0.15677595643382025	9.81514151243941	22.0	123.24135639818596	127	9.090909090909092	28113367.0
43051_44931_SO1_NC1_L5_2_val_2										12.43659076295053	22.0	113.25045417007505	117	18.181818181818183	28113367.0
43051_45068_EO1_NC8_M5_1_val_1	164	183.438286	97.5	233422.0	0.000	4.8	4744.0	4983.0	0.23411798644436657	7.714790788454621	23.0	120.0661248234601	127	18.181818181818183	2128414.0
43051_45068_EO1_NC8_M5_2_val_2										9.587054679174159	23.0	110.12240475772101	117	27.27272727272727	2128414.0
43051_45068_EO2_NC8_N5_1_val_1	139	145.333333	100.0	294.0	0.000	0.0	9.0	9.0	0.2523836231071228	3.505328098710038	29.0	104.52103196859225	127	18.181818181818183	3566.0
43051_45068_EO2_NC8_N5_2_val_2										3.645541222658437	28.0	93.88670779584969	117	18.181818181818183	3566.0
43051_45068_EO3_NC8_O5_1_val_1	184	198.234101	90.0	396303.0	0.001	4.78	8531.0	8959.0	0.14529160490543638	7.7998427044876735	22.0	121.95487705595973	127	9.090909090909092	6166220.0
43051_45068_EO3_NC8_O5_2_val_2										10.033689952933017	21.0	112.09255962323758	117	18.181818181818183	6166220.0
44218_44676_PO1_NC4_M6_1_val_1	193	212.630133	98.5	548654.0	0.001	6.03	10640.0	11323.0	0.7031229139331104	8.184670705580189	24.0	120.5854114569976	127	18.181818181818183	1610387.0
44218_44676_PO1_NC4_M6_2_val_2										11.763904586658995	24.0	110.72055599057866	117	18.181818181818183	1610387.0
44218_44676_SO1_NC1_J6_1_val_1	179	185.844916	75.0	184369.0	0.000	4.99	4363.0	4592.0	0.10467795571611849	7.1210679868203925	22.0	121.67771681695126	127	9.090909090909092	4386788.0
44218_44676_SO1_NC1_J6_2_val_2										8.210170038424181	21.0	111.81770420635782	117	18.181818181818183	4386788.0
44218_44676_SO2_NC1_K6_1_val_1	194	208.25278	93.6	427754.0	0.001	4.65	8751.0	9178.0	0.2399509744969082	7.862550161865627	22.0	121.69589625793606	127	9.090909090909092	3824948.0
44218_44676_SO2_NC1_K6_2_val_2										10.359881835245815	22.0	111.80607997808075	117	18.181818181818183	3824948.0
44218_44676_SO3_NC1_L6_1_val_1	157	168.451851	72.0	275505.0	0.001	4.39	7354.0	7692.0	0.2808325231224984	6.275312781823558	21.0	117.14259844563652	127	9.090909090909092	2738999.0
44218_44676_SO3_NC1_L6_2_val_2										7.6726471313901214	21.0	107.60434706255826	117	18.181818181818183	2738999.0
44564_44991_PO1_NC3_H6_1_val_1	195	204.949059	83.9	1745582.0	0.003	4.98	39112.0	41164.0	0.23443940085481194	8.630075888739057	22.0	121.92391984682958	127	9.090909090909092	17558482.0
44564_44991_PO1_NC3_H6_2_val_2										10.98455325888213	21.0	112.0526637781102	117	18.181818181818183	17558482.0
44564_44991_SO1_NC1_E6_1_val_1	210	225.55126599999997	90.6	276664.0	0.001	4.92	4986.0	5244.0	0.5395028425750458	6.682910580752505	23.0	123.91392234204315	127	18.181818181818183	972006.0
44564_44991_SO1_NC1_E6_2_val_2										8.788149522431993	23.0	113.82773048726037	117	9.090909090909092	972006.0
44564_44991_SO2_NC1_F6_1_val_1	196	212.821966	89.0	461390.0	0.001	5.35	9230.0	9752.0	0.3877046113869544	8.190086892556735	23.0	123.13264769410775	127	18.181818181818183	2515317.0
44564_44991_SO2_NC1_F6_2_val_2										10.272574067319681	23.0	113.04738766525253	117	9.090909090909092	2515317.0
44564_44991_SO3_NC1_G6_1_val_1	182	204.708754	96.2	64244.0	0.000	3.47	1196.0	1239.0	0.3507103370385781	6.25988248818696	24.0	120.81506610847394	127	18.181818181818183	353283.0
44564_44991_SO3_NC1_G6_2_val_2										7.344700774809866	23.0	110.9048185166	117	18.181818181818183	353283.0
44994_45005_PO1_NC3_B6_1_val_1	204	220.04006	93.2	223907.0	0.000	4.68	4071.0	4271.0	0.22243725821471053	7.3616556135130935	22.0	123.09410017853311	127	9.090909090909092	1920092.0
44994_45005_PO1_NC3_B6_2_val_2										8.638535041612883	22.0	113.06612599812925	117	18.181818181818183	1920092.0
44994_45005_PO2_NC3_C5_1_val_1	197	211.129554	86.3	775135.0	0.002	4.17	15637.0	16317.0	0.2693803805499342	7.58597650644397	23.0	122.94071848635862	127	9.090909090909092	6057234.0
44994_45005_PO2_NC3_C5_2_val_2										8.955868533634444	22.0	112.66753670074493	117	18.181818181818183	6057234.0
44994_45005_SO1_NC1_P5_1_val_1	148	163.834372	95.9	87021.0	0.000	3.8	1947.0	2024.0	0.09554177710537683	6.785798464858445	22.0	119.00653026158338	127	9.090909090909092	2118445.0
44994_45005_SO1_NC1_P5_2_val_2										7.845405532721671	21.0	109.30218816159966	117	18.181818181818183	2118445.0
44994_45005_SO2_NC1_A6_1_val_1	201	215.895687	92.3	351780.0	0.001	4.83	6662.0	7000.0	0.30037542637219006	7.3621215467768195	22.0	121.97221484395283	127	9.090909090909092	2330417.0
44994_45005_SO2_NC1_A6_2_val_2										8.870289389505643	22.0	112.07324011110458	117	18.181818181818183	2330417.0
44994_45005_SO3_NC1_D6_1_val_1	217	230.533886	93.5	656735.0	0.001	5.03	11438.0	12044.0	0.5357891969345597	8.195797747135302	23.0	123.70335722378987	127	18.181818181818183	2247899.0
44994_45005_SO3_NC1_D6_2_val_2										11.757709886116757	23.0	113.58622607154503	117	9.090909090909092	2247899.0
45208_44650_PO1_NC5_A7_1_val_1	213	224.567031	93.0	236967.0	0.000	3.02	4522.0	4663.0	0.19130523256529527	6.299324478660068	22.0	122.67563486013754	127	18.181818181818183	2437466.0
45208_44650_PO1_NC5_A7_2_val_2										7.94524377565584	22.0	112.7383528631784	117	18.181818181818183	2437466.0
45208_44650_PO2_NC3_B7_1_val_1	199	210.464458	85.5	177508.0	0.000	3.45	3579.0	3707.0	0.14442804623567604	6.58371596520891	22.0	122.47895527133149	127	18.181818181818183	2566676.0
45208_44650_PO2_NC3_B7_2_val_2										8.525263199615893	22.0	112.47533385592884	117	9.090909090909092	2566676.0
45208_44650_PO3_NC5_C8_1_val_1	210	221.649047	90.5	1983401.0	0.004	4.86	40658.0	42735.0	0.28761826101025717	8.067906456253098	22.0	122.59174877825335	127	9.090909090909092	14858236.0
45208_44650_PO3_NC5_C8_2_val_2										10.743682279558172	22.0	112.67863870246778	117	9.090909090909092	14858236.0
45208_44650_SO1_NC1_N6_1_val_1	180	195.559954	88.7	1584368.0	0.003	5.44	34615.0	36606.0	0.17150954922027953	9.203651236424776	22.0	122.11815403699633	127	9.090909090909092	21343418.0
45208_44650_SO1_NC1_N6_2_val_2										11.662079326989954	21.0	112.20370865622367	117	18.181818181818183	21343418.0
45208_44650_SO2_NC1_O6_1_val_1	192	203.891584	91.2	704666.0	0.001	4.52	14681.0	15376.0	0.14041017926314425	7.891169945391525	21.0	121.96150655300772	127	9.090909090909092	10950773.0
45208_44650_SO2_NC1_O6_2_val_2										10.17494672795273	21.0	112.07185200533333	117	18.181818181818183	10950773.0
45208_44650_SO3_NC1_P6_1_val_1	175	180.755332	69.3	33654.0	0.000	2.86	814.0	838.0	0.07537076028230758	5.727163604302902	21.0	121.00388726045274	127	9.090909090909092	1111837.0
45208_44650_SO3_NC1_P6_2_val_2										6.971989157050757	21.0	111.17873303370908	117	18.181818181818183	1111837.0
45208_45054_BL1_NC16_I7_1_val_1	202	216.567004	97.1	188739.0	0.000	3.46	3486.0	3611.0	0.4615416077650445	6.124293772392804	25.0	120.91059308927399	127	18.181818181818183	782378.0
45208_45054_BL1_NC16_I7_2_val_2										7.809573723017579	24.0	111.08668955415413	117	9.090909090909092	782378.0
45208_45054_BL2_NC16_J7_1_val_1	186	190.185089	64.8	932743.0	0.002	3.35	21500.0	22246.0	0.06909432300654911	6.989853938422257	22.0	122.49457409543074	127	9.090909090909092	32196567.0
45208_45054_BL2_NC16_J7_2_val_2										9.087656421531335	21.0	112.64494161753332	117	18.181818181818183	32196567.0
45208_45054_BL3_NC16_K7_1_val_1	181	191.083121	65.2	1157490.0	0.002	3.51	27542.0	28545.0	0.21173131685307847	7.3286106727555875	21.0	121.41290759205677	127	9.090909090909092	13481709.0
45208_45054_BL3_NC16_K7_2_val_2										9.459529254417347	21.0	111.62771411250607	117	18.181818181818183	13481709.0
45208_45054_BL4_NC16_L7_1_val_1	168	178.801303	67.1	1000869.0	0.002	3.51	23893.0	24763.0	0.08575173744835476	7.503073289058307	22.0	121.77085236700663	127	9.090909090909092	28877549.0
45208_45054_BL4_NC16_L7_2_val_2										9.252625770075284	21.0	111.89992121561286	117	9.090909090909092	28877549.0
45208_45054_BL5_NC16_M7_1_val_1	160	170.537711	77.3	662816.0	0.001	3.14	16242.0	16769.0	0.07519142897524067	7.195336389916434	22.0	120.07308630212955	127	9.090909090909092	22301744.0
45208_45054_BL5_NC16_M7_2_val_2										9.365258149786897	21.0	110.4659158942906	117	18.181818181818183	22301744.0
45208_45054_BL6_NC16_N7_1_val_1	181	187.731642	68.6	628423.0	0.001	3.8	14753.0	15335.0	0.13305812961310842	7.225780896651784	21.0	120.15102509857235	127	9.090909090909092	11525038.0
45208_45054_BL6_NC16_N7_2_val_2										9.156901491199065	21.0	110.45779562722483	117	18.181818181818183	11525038.0
45208_45054_EO1_NC8_D7_1_val_1	219	230.135676	95.1	1450574.0	0.003	4.76	27195.0	28556.0	0.25304384111264144	8.090809104444702	22.0	122.87985202659708	127	9.090909090909092	11285001.0
45208_45054_EO1_NC8_D7_2_val_2										11.1530671507915	22.0	112.8845162707562	117	9.090909090909092	11285001.0
45208_45054_EO2_NC8_E7_1_val_1	206	221.432735	95.1	185932.0	0.000	3.83	3617.0	3761.0	0.6549617576171304	5.879477690717053	25.0	122.21304629487733	127	18.181818181818183	574232.0
45208_45054_EO2_NC8_E7_2_val_2										8.233389692830883	24.0	112.23321584307388	117	9.090909090909092	574232.0
45208_45054_EO3_NC8_F7_1_val_1	211	217.867802	88.2	138381.0	0.000	3.47	2783.0	2883.0	0.1575192063610878	5.93974624458707	22.0	123.76270876212196	127	9.090909090909092	1830253.0
45208_45054_EO3_NC8_F7_2_val_2										7.480884542427262	22.0	113.76648091821185	117	18.181818181818183	1830253.0
45208_45054_EO4_NC8_G7_1_val_1	176	183.535807	69.7	288729.0	0.001	3.47	6595.0	6832.0	0.07883597846965426	7.386645396624303	23.0	122.37317123493006	127	9.090909090909092	8666094.0
45208_45054_EO4_NC8_G7_2_val_2										7.887323402724846	22.0	112.50427205151479	117	9.090909090909092	8666094.0
45208_45054_EO5_NC8_H7_1_val_1	180	186.403266	74.1	339672.0	0.001	3.15	7844.0	8099.0	0.13599730658501344	6.6950585801292135	22.0	120.3785183362957	127	9.090909090909092	5955265.0
45208_45054_EO5_NC8_H7_2_val_2										8.271387325989991	21.0	110.68133021788283	117	18.181818181818183	5955265.0
45669_44700_PO1_NC5_O8_1_val_1	189	200.427262	89.3	774926.0	0.002	3.93	15984.0	16638.0	0.20022952142280176	6.788314809525545	22.0	120.85381415696608	127	9.090909090909092	8309464.0
45669_44700_PO1_NC5_O8_2_val_2										8.073689184274613	22.0	111.14029569175581	117	9.090909090909092	8309464.0
45669_44700_PO2_NC5_P8_1_val_1	171	184.383859	86.4	1529296.0	0.003	4.38	33361.0	34889.0	0.23348037196249324	7.7482830139805685	23.0	120.48094346708682	127	9.090909090909092	14943012.0
45669_44700_PO2_NC5_P8_2_val_2										9.033900843085235	22.0	110.75759960575552	117	18.181818181818183	14943012.0
45669_44700_PO3_NC4_A9_1_val_1	200	208.438327	87.0	3149706.0	0.006	4.94	65131.0	68516.0	0.24155592532990067	8.629215666508387	22.0	121.39719799216245	127	9.090909090909092	28364446.0
45669_44700_PO3_NC4_A9_2_val_2										10.915164581385937	22.0	111.5642012539219	117	18.181818181818183	28364446.0
45669_44700_SO1_NC1_L8_1_val_1	198	213.42195	97.1	1164856.0	0.002	4.89	21929.0	23057.0	0.4254443667416427	8.26010417947137	23.0	121.4227389561049	127	18.181818181818183	5419510.0
45669_44700_SO1_NC1_L8_2_val_2										10.662710438969853	23.0	111.62573516793954	117	27.27272727272727	5419510.0
45669_44700_SO2_NC1_M8_1_val_1	179	188.607127	91.5	325006.0	0.001	3.09	6837.0	7055.0	0.11841430572374974	6.078584204613719	21.0	119.27489893662107	127	9.090909090909092	5957895.0
45669_44700_SO2_NC1_M8_2_val_2										7.785531147323425	21.0	109.72584948207378	117	18.181818181818183	5957895.0
45669_44700_SO3_NC1_N8_1_val_1	162	172.441384	75.6	190625.0	0.000	3.03	4770.0	4919.0	0.18024237267702978	5.955893644992955	22.0	119.58474414487104	127	9.090909090909092	2729103.0
45669_44700_SO3_NC1_N8_2_val_2										7.1932543313477595	21.0	109.93360822218875	117	18.181818181818183	2729103.0
45669_44964_PO1_NC4_B8_1_val_1	210	220.528076	89.7	210193.0	0.000	3.26	3977.0	4111.0	0.459973057282366	5.211358104941482	23.0	122.04694947569114	127	9.090909090909092	893748.0
45669_44964_PO1_NC4_B8_2_val_2										6.650191158121459	22.0	112.22035965395168	117	18.181818181818183	893748.0
45669_44964_PO2_NC4_C7_1_val_1	196	210.331076	91.9	632363.0	0.001	3.75	11797.0	12257.0	0.2759641465003302	7.914851671171462	23.0	122.638457923967	127	18.181818181818183	4441519.0
45669_44964_PO2_NC4_C7_2_val_2										11.081612313485607	22.0	112.43843603956213	117	9.090909090909092	4441519.0
45669_44964_PO3_NC3_D8_1_val_1	211	219.897786	82.1	812310.0	0.002	3.83	16163.0	16807.0	0.3341950516384744	7.222710416725818	22.0	122.92348112455133	127	9.090909090909092	5029099.0
45669_44964_PO3_NC3_D8_2_val_2										10.414579274813164	22.0	112.9946065885758	117	18.181818181818183	5029099.0
45669_44964_PO4_NC3_E8_1_val_1	207	218.856439	88.4	968462.0	0.002	4.21	18585.0	19402.0	0.305633505069055	7.703299006498241	22.0	123.41844805852939	127	9.090909090909092	6348126.0
45669_44964_PO4_NC3_E8_2_val_2										10.670905497686931	22.0	113.42865532284645	117	18.181818181818183	6348126.0
45669_44964_SO1_NC1_O7_1_val_1	179	187.786523	63.0	1855072.0	0.004	3.82	44704.0	46479.0	0.18120075058022134	6.724109472030094	21.0	120.77131252047714	127	9.090909090909092	25650556.0
45669_44964_SO1_NC1_O7_2_val_2										8.920968087563608	21.0	111.035497164272	117	18.181818181818183	25650556.0
45669_44964_SO2_NC1_P7_1_val_1	165	177.81392	90.9	200837.0	0.000	3.49	4281.0	4437.0	0.30481186437417734	5.6904769976625005	23.0	118.8164767403198	127	9.090909090909092	1455652.0
45669_44964_SO2_NC1_P7_2_val_2										6.82411628885643	22.0	109.22011854481703	117	18.181818181818183	1455652.0
45669_44964_SO3_NC1_A8_1_val_1	195	202.217453	77.1	386432.0	0.001	3.74	8593.0	8927.0	0.15831497675286355	6.9076272897342506	22.0	122.2964650555202	127	9.090909090909092	5638759.0
45669_44964_SO3_NC1_A8_2_val_2										8.315609543200807	21.0	112.44722553313592	117	9.090909090909092	5638759.0
45982_44908_PO1_NC3_J8_1_val_1	178	185.735061	86.1	166332.0	0.000	2.98	3815.0	3932.0	0.09227841797429628	6.2388882372216585	21.0	120.31998644455386	127	9.090909090909092	4261018.0
45982_44908_PO1_NC3_J8_2_val_2										7.339078572968688	21.0	110.66384230247326	117	18.181818181818183	4261018.0
45982_44908_PO2_NC4_K8_1_val_1	197	213.497346	95.2	1054116.0	0.002	4.48	20558.0	21524.0	0.49607489154411727	8.626515736166297	23.0	121.23089515889077	127	18.181818181818183	4338861.0
45982_44908_PO2_NC4_K8_2_val_2										12.657052639168782	23.0	111.40732763736843	117	18.181818181818183	4338861.0
45982_44908_SO1_NC1_G8_1_val_1	210	223.698797	96.9	1552681.0	0.003	5.47	28644.0	30305.0	0.4654086427636596	9.253155219505047	24.0	121.79369796307508	127	18.181818181818183	6511482.0
45982_44908_SO1_NC1_G8_2_val_2										11.405413752423613	23.0	111.91063724049303	117	9.090909090909092	6511482.0
45982_44908_SO2_NC1_H8_1_val_1	189	202.324694	87.8	851647.0	0.002	3.99	18093.0	18845.0	0.33081333561306936	6.659846227715008	22.0	121.011721447623	127	9.090909090909092	5696566.0
45982_44908_SO2_NC1_H8_2_val_2										8.567764429897096	22.0	111.23254518599451	117	18.181818181818183	5696566.0
45982_44908_SO3_NC1_I8_1_val_1	183	201.039866	95.3	452052.0	0.001	3.63	9070.0	9412.0	0.3310593230026785	6.523846775475363	23.0	120.12762175100553	127	18.181818181818183	2842995.0
45982_44908_SO3_NC1_I8_2_val_2										8.161325054336132	23.0	110.46645913904175	117	9.090909090909092	2842995.0
45982_45001_PO1_NC3_E9_1_val_1	205	218.00799600000002	97.9	580099.0	0.001	5.01	11101.0	11689.0	0.6769627082678176	6.851544496069579	24.0	119.53693295179254	127	18.181818181818183	1726683.0
45982_45001_PO1_NC3_E9_2_val_2										10.033977828762275	23.0	109.78945874836319	117	9.090909090909092	1726683.0
45982_45001_PO2_NC4_F8_1_val_1	202	215.344973	90.7	996095.0	0.002	3.91	18796.0	19561.0	0.34685569926949467	8.190328221885196	23.0	122.99945757804608	127	9.090909090909092	5639521.0
45982_45001_PO2_NC4_F8_2_val_2										10.89543190716229	22.0	113.04297882745715	117	18.181818181818183	5639521.0
45982_45001_SO1_NC1_B9_1_val_1	208	215.46894399999996	88.6	1137442.0	0.002	4.06	22140.0	23078.0	0.13599218342527647	8.01899161237553	22.0	123.14705158068374	127	18.181818181818183	16970093.0
45982_45001_SO1_NC1_B9_2_val_2										10.147173467324194	22.0	113.22262989366057	117	9.090909090909092	16970093.0
45982_45001_SO2_NC1_C10_1_val_1	218	226.967524	92.2	328119.0	0.001	4.73	6432.0	6751.0	0.5711433442045998	6.431529411304226	23.0	122.059364728874	127	18.181818181818183	1182015.0
45982_45001_SO2_NC1_C10_2_val_2										8.50685295781956	23.0	112.08810886494672	117	18.181818181818183	1182015.0
45982_45001_SO3_NC1_D9_1_val_1	222	229.873978	93.5	417055.0	0.001	4.05	8023.0	8363.0	0.37118539651992055	6.9866985981454945	22.0	121.92946811702527	127	9.090909090909092	2253052.0
45982_45001_SO3_NC1_D9_2_val_2										9.890484032369983	22.0	111.98671757243063	117	18.181818181818183	2253052.0
46363_44664_PO1_NC5_L9_1_val_1	185	189.814063	82.1	425601.0	0.001	4.07	9689.0	10100.0	0.1240485872523987	6.9527103397194026	21.0	120.09327667710926	127	9.090909090909092	8141971.0
46363_44664_PO1_NC5_L9_2_val_2										9.123521133520399	21.0	110.36842209337273	117	18.181818181818183	8141971.0
46363_44664_SO1_NC1_I9_1_val_1	187	192.103864	84.9	3059949.0	0.006	4.39	70638.0	73888.0	0.13224085245809628	8.81847595617701	22.0	120.62838623778784	127	9.090909090909092	55873808.0
46363_44664_SO1_NC1_I9_2_val_2										11.857504045746552	21.0	110.88096170212705	117	18.181818181818183	55873808.0
46363_44664_SO2_NC1_J9_1_val_1	168	176.647827	88.2	424540.0	0.001	3.78	9907.0	10297.0	0.10667055074408328	7.416662954595026	22.0	119.36508107355513	127	9.090909090909092	9653086.0
46363_44664_SO2_NC1_J9_2_val_2										8.834014358177086	21.0	109.69831803010975	117	18.181818181818183	9653086.0
46363_44664_SO3_NC1_K9_1_val_1	180	195.804054	94.1	736695.0	0.001	4.44	15650.0	16378.0	0.3296972956890337	7.148337729868899	22.0	119.12093074565176	127	9.090909090909092	4967587.0
46363_44664_SO3_NC1_K9_2_val_2										9.52179982758473	22.0	109.37277998352117	117	18.181818181818183	4967587.0
46363_44914_PO1_NC4_H9_1_val_1	200	209.151862	91.1	876484.0	0.002	4.49	18256.0	19117.0	0.22956811365308832	7.4507394114936005	22.0	119.94525010039177	127	9.090909090909092	8327376.0
46363_44914_PO1_NC4_H9_2_val_2										9.619338758380678	22.0	110.23703457127431	117	18.181818181818183	8327376.0
46363_44914_SO1_NC1_F9_1_val_1	198	205.414647	93.7	950525.0	0.002	4.37	19105.0	19977.0	0.11470359138167617	8.042392107660234	23.0	122.31036224102694	127	9.090909090909092	17416194.0
46363_44914_SO1_NC1_F9_2_val_2										9.14213054767366	22.0	112.36116857678549	117	9.090909090909092	17416194.0
46363_44914_SO2_NC1_G9_1_val_1	198	206.363282	78.4	1629093.0	0.003	4.61	36525.0	38292.0	0.3294417248113703	7.838535626770408	22.0	121.02705488114391	127	9.090909090909092	11623300.0
46363_44914_SO2_NC1_G9_2_val_2										10.256524875669683	22.0	111.19632918362255	117	9.090909090909092	11623300.0
46363_44914_SO3_NC1_I6_1_val_1	193	209.94316599999996	93.8	527910.0	0.001	5.05	10113.0	10652.0	0.4254841519935482	10.374555628561964	24.0	122.46840564473511	127	18.181818181818183	2503501.0
46363_44914_SO3_NC1_I6_2_val_2										14.510963993219406	24.0	112.43056343896008	117	9.090909090909092	2503501.0
46606_44938_PO1_NC4_P9_1_val_1	196	210.99328299999996	98.2	560046.0	0.001	4.97	10823.0	11389.0	0.6755710678341212	8.414159487608316	24.0	119.32664860635661	127	18.181818181818183	1685833.0
46606_44938_PO1_NC4_P9_2_val_2										10.810554692309054	24.0	109.55404835473027	117	0.0	1685833.0
46606_44938_PO2_NC3_A10_1_val_1	214	226.405326	92.7	781753.0	0.001	4.5	14796.0	15494.0	0.43353357282980687	9.64712063886698	23.0	122.95236950692622	127	18.181818181818183	3573887.0
46606_44938_PO2_NC3_A10_2_val_2										13.250901651101927	23.0	112.86491262874287	117	18.181818181818183	3573887.0
46606_44938_PO3_NC5_B10_1_val_1	206	211.547078	77.2	779148.0	0.001	5.04	17511.0	18441.0	0.2557860479606122	7.381322722210086	22.0	122.22717743057429	127	9.090909090909092	7209541.0
46606_44938_PO3_NC5_B10_2_val_2										9.682623933640897	21.0	112.31869171699003	117	9.090909090909092	7209541.0
46606_44938_SO1_NC1_M9_1_val_1	159	174.317855	93.9	1274388.0	0.003	3.92	28369.0	29526.0	0.06757283441149453	8.901990915595576	22.0	121.35720069955711	127	9.090909090909092	43695074.0
46606_44938_SO1_NC1_M9_2_val_2										10.744936408242538	22.0	111.5263569527311	117	9.090909090909092	43695074.0
46606_44938_SO2_NC1_N9_1_val_1	183	190.911515	88.4	441156.0	0.001	4.13	9775.0	10197.0	0.21159816062950296	7.18222886113233	22.0	119.23371273116638	127	9.090909090909092	4819040.0
46606_44938_SO2_NC1_N9_2_val_2										9.060018185363276	22.0	109.57493421926358	117	9.090909090909092	4819040.0
46606_44938_SO3_NC1_O9_1_val_1	202	215.311277	96.6	510170.0	0.001	4.94	9900.0	10419.0	0.37154796317256816	7.179745190002393	22.0	120.56996933900194	127	18.181818181818183	2804214.0
46606_44938_SO3_NC1_O9_2_val_2										10.129685223184566	22.0	110.73630150908596	117	18.181818181818183	2804214.0
46606_44993_PO1_NC5_C9_1_val_1	188	205.651469	97.6	106513.0	0.000	3.96	1990.0	2072.0	0.45688581162280456	6.099278894312874	27.0	116.33894223878458	127	18.181818181818183	453505.0
46606_44993_PO1_NC5_C9_2_val_2										8.410313762443124	26.0	103.72140990727776	117	9.090909090909092	453505.0
46606_44993_PO2_NC5_D10_1_val_1	227	236.93371399999998	95.9	1153576.0	0.002	5.29	21037.0	22215.0	0.3646448016571928	9.1112563082483	23.0	123.19174210428693	127	18.181818181818183	6092230.0
46606_44993_PO2_NC5_D10_2_val_2										12.227559719005683	23.0	113.13994087550864	117	9.090909090909092	6092230.0
46606_44993_PO3_NC5_E10_1_val_1	203	210.683165	83.5	1014556.0	0.002	4.44	21098.0	22078.0	0.2512960046803568	8.38467094843655	22.0	121.99296933467112	127	9.090909090909092	8785655.0
46606_44993_PO3_NC5_E10_2_val_2										11.113260028583184	22.0	112.08623420792189	117	18.181818181818183	8785655.0
46606_44993_PO4_NC5_F10_1_val_1	204	215.162281	88.9	2495150.0	0.005	5.11	51431.0	54200.0	0.47450901667811646	9.251074835925692	23.0	121.29028342983872	127	18.181818181818183	11422333.0
46606_44993_PO4_NC5_F10_2_val_2										12.221283698135167	22.0	111.40841446313989	117	9.090909090909092	11422333.0
