Sample	total_reads	Human counts	Human percentage	Rhesus counts	Rhesus percentage	Mouse counts	Mouse percentage	Rat counts	Rat percentage	PhiX counts	PhiX percentage	Lambda counts	Lambda percentage	No hits counts	No hits percentage
38897_44643_SO1_NC1_A1_1_val_1_screen	99213	55981.0	56.42	90788.0	91.51	1262.0	1.27	2437.0	2.46	0.0	0.0	1.0	0.0	8095	8.16
38897_44643_SO1_NC1_A1_2_val_2_screen	99213	58238.0	58.690000000000005	91252.0	91.97	1874.0	1.88	3186.0	3.21	20.0	0.02	2.0	0.0	7579	7.64
38897_44643_SO2_NC1_B1_1_val_1_screen	99524	59370.0	59.66	91929.0	92.36999999999999	1041.0	1.05	2333.0	2.34	0.0	0.0	1.0	0.0	7364	7.4
38897_44643_SO2_NC1_B1_2_val_2_screen	99524	61546.0	61.84	92912.0	93.36	1438.0	1.44	2803.0	2.8099999999999996	14.0	0.01	0.0	0.0	6389	6.42
38897_44643_SO3_NC1_C2_1_val_1_screen	99686	58974.0	59.16	92496.0	92.79	1029.0	1.04	2191.0	2.2	0.0	0.0	1.0	0.0	6928	6.95
38897_44643_SO3_NC1_C2_2_val_2_screen	99686	61671.0	61.870000000000005	93586.0	93.88	1358.0	1.37	2828.0	2.84	8.0	0.01	1.0	0.0	5841	5.86
38897_44700_PO1_NC5_D1_1_val_1_screen	100390	55567.0	55.36000000000001	93313.0	92.94999999999999	1115.0	1.1099999999999999	2176.0	2.17	0.0	0.0	0.0	0.0	6846	6.82
38897_44700_PO1_NC5_D1_2_val_2_screen	100390	58742.0	58.52	94292.0	93.92000000000002	1589.0	1.5899999999999999	2869.0	2.85	14.0	0.01	2.0	0.0	5882	5.86
38897_44700_SO1_NC1_E1_1_val_1_screen	99373	55711.0	56.06	90942.0	91.51	1070.0	1.07	2191.0	2.21	7.0	0.01	0.0	0.0	8088	8.14
38897_44700_SO1_NC1_E1_2_val_2_screen	99373	58544.0	58.92	91540.0	92.11	1667.0	1.6800000000000002	2969.0	2.9899999999999998	20.0	0.02	3.0	0.0	7472	7.52
38897_44700_SO2_NC1_F1_1_val_1_screen	101251	56816.0	56.11000000000001	93933.0	92.77999999999999	1144.0	1.1199999999999999	2199.0	2.17	10.0	0.01	0.0	0.0	7087	7.0
38897_44700_SO2_NC1_F1_2_val_2_screen	101251	60003.0	59.260000000000005	94873.0	93.7	1655.0	1.6300000000000001	2940.0	2.8999999999999995	22.0	0.02	2.0	0.0	6105	6.03
38897_44700_SO3_NC1_G1_1_val_1_screen	99529	56683.0	56.94	92196.0	92.62	1133.0	1.14	2214.0	2.23	0.0	0.0	0.0	0.0	7006	7.04
38897_44700_SO3_NC1_G1_2_val_2_screen	99529	59049.0	59.33	92588.0	93.02	1597.0	1.6	2844.0	2.85	2.0	0.0	2.0	0.0	6598	6.63
38897_44700_SO4_NC1_H1_1_val_1_screen	98878	55721.0	56.36	91815.0	92.85	1118.0	1.1300000000000001	2322.0	2.34	2.0	0.0	0.0	0.0	6595	6.67
38897_44700_SO4_NC1_H1_2_val_2_screen	98878	58124.0	58.79	92080.0	93.12	1550.0	1.56	2863.0	2.8899999999999997	10.0	0.01	1.0	0.0	6328	6.4
39053_45005_PO1_NC2_I1_1_val_1_screen	98702	52438.0	53.120000000000005	90664.0	91.86	1215.0	1.23	2289.0	2.3199999999999994	0.0	0.0	2.0	0.0	7797	7.9
39053_45005_PO1_NC2_I1_2_val_2_screen	98702	55381.0	56.12	91085.0	92.28999999999999	1759.0	1.7799999999999998	2928.0	2.9599999999999995	9.0	0.01	1.0	0.0	7333	7.43
39053_45005_SO1_NC1_J1_1_val_1_screen	101056	43251.0	42.790000000000006	93747.0	92.77	1553.0	1.54	2297.0	2.2699999999999996	1.0	0.0	1.0	0.0	7084	7.01
39053_45005_SO1_NC1_J1_2_val_2_screen	101056	46407.0	45.919999999999995	94090.0	93.11	2294.0	2.27	3123.0	3.09	12.0	0.01	4.0	0.0	6700	6.63
39053_45005_SO2_NC1_K1_1_val_1_screen	99404	49410.0	49.71	91693.0	92.24000000000001	1435.0	1.44	2377.0	2.3899999999999997	1.0	0.0	2.0	0.0	7455	7.5
39053_45005_SO2_NC1_K1_2_val_2_screen	99404	52622.0	52.93	92009.0	92.55999999999999	2136.0	2.15	3197.0	3.2199999999999998	16.0	0.02	7.0	0.01	7137	7.18
41237_44641_PO1_NC4_N2_1_val_1_screen	100049	58516.0	58.49	91761.0	91.72	1071.0	1.07	2318.0	2.3200000000000003	0.0	0.0	0.0	0.0	7973	7.97
41237_44641_PO1_NC4_N2_2_val_2_screen	100049	60900.0	60.870000000000005	92428.0	92.39	1572.0	1.5699999999999998	2955.0	2.9599999999999995	8.0	0.01	3.0	0.0	7283	7.28
41237_44641_SO1_NC1_K2_1_val_1_screen	99998	58093.0	58.089999999999996	91648.0	91.65	1053.0	1.05	2177.0	2.18	1.0	0.0	0.0	0.0	8059	8.06
41237_44641_SO1_NC1_K2_2_val_2_screen	99998	61002.0	61.0	92857.0	92.86000000000001	1455.0	1.46	2790.0	2.79	8.0	0.01	0.0	0.0	6849	6.85
41237_44641_SO2_NC1_L2_1_val_1_screen	99987	58304.0	58.31	93080.0	93.10000000000001	1036.0	1.03	2186.0	2.18	9.0	0.01	0.0	0.0	6659	6.66
41237_44641_SO2_NC1_L2_2_val_2_screen	99987	60724.0	60.73	93465.0	93.48	1529.0	1.53	2913.0	2.9099999999999997	20.0	0.02	2.0	0.0	6209	6.21
41237_44641_SO3_NC1_M2_1_val_1_screen	99953	56168.0	56.199999999999996	92206.0	92.24999999999999	1152.0	1.15	2167.0	2.16	0.0	0.0	0.0	0.0	7396	7.4
41237_44641_SO3_NC1_M2_2_val_2_screen	99953	59174.0	59.199999999999996	92994.0	93.03	1728.0	1.7200000000000002	3030.0	3.0300000000000002	13.0	0.01	4.0	0.0	6586	6.59
41299_44636_SOe_NC1_L1_1_val_1_screen	100021	57679.0	57.660000000000004	93353.0	93.34	1283.0	1.29	2445.0	2.44	0.0	0.0	1.0	0.0	6361	6.36
41299_44636_SOe_NC1_L1_2_val_2_screen	100021	59830.0	59.81999999999999	93335.0	93.32	1765.0	1.7600000000000002	3157.0	3.1499999999999995	13.0	0.01	2.0	0.0	6381	6.38
41299_44963_PO1_NC3_N1_1_val_1_screen	98848	45601.0	46.129999999999995	91222.0	92.28999999999999	1604.0	1.62	2256.0	2.28	2.0	0.0	0.0	0.0	7354	7.44
41299_44963_PO1_NC3_N1_2_val_2_screen	98848	49014.0	49.58	91817.0	92.9	2440.0	2.4699999999999998	3267.0	3.3099999999999996	24.0	0.02	1.0	0.0	6682	6.76
41299_44963_PO2_NC4_M1_1_val_1_screen	101755	54748.0	53.81	93785.0	92.16	1660.0	1.6300000000000001	2706.0	2.65	1.0	0.0	1.0	0.0	7651	7.52
41299_44963_PO2_NC4_M1_2_val_2_screen	101755	57155.0	56.17	93818.0	92.21000000000001	3012.0	2.96	4154.0	4.08	27.0	0.03	5.0	0.0	7580	7.45
41299_44963_PO3_NC3_O1_1_val_1_screen	99308	44298.0	44.6	92676.0	93.32	1674.0	1.68	2364.0	2.3899999999999997	1.0	0.0	0.0	0.0	6405	6.45
41299_44963_PO3_NC3_O1_2_val_2_screen	99308	47367.0	47.699999999999996	92790.0	93.44	2258.0	2.27	3063.0	3.0799999999999996	19.0	0.02	1.0	0.0	6256	6.3
41299_44963_SO1_NC1_P1_1_val_1_screen	99802	58686.0	58.8	92987.0	93.17	1059.0	1.06	2125.0	2.13	1.0	0.0	0.0	0.0	6537	6.55
41299_44963_SO1_NC1_P1_2_val_2_screen	99802	61736.0	61.870000000000005	94234.0	94.41999999999999	1492.0	1.49	2809.0	2.81	13.0	0.01	3.0	0.0	5289	5.3
41299_44963_SO2_NC1_A2_1_val_1_screen	98166	55679.0	56.720000000000006	91313.0	93.01	1175.0	1.2	2346.0	2.4	0.0	0.0	0.0	0.0	6626	6.75
41299_44963_SO2_NC1_A2_2_val_2_screen	98166	57817.0	58.9	91658.0	93.38	1659.0	1.7000000000000002	2909.0	2.9699999999999998	13.0	0.01	3.0	0.0	6262	6.38
41299_44963_SO3_NC1_B2_1_val_1_screen	97796	50879.0	52.03	91270.0	93.33	1275.0	1.31	2184.0	2.23	0.0	0.0	1.0	0.0	6327	6.47
41299_44963_SO3_NC1_B2_2_val_2_screen	97796	54054.0	55.29	91831.0	93.9	1801.0	1.84	2885.0	2.9499999999999997	16.0	0.02	2.0	0.0	5760	5.89
41299_45019_EO1_NC8_C1_1_val_1_screen	107271	55584.0	51.82	89038.0	83.0	1616.0	1.51	2697.0	2.51	2.0	0.0	3.0	0.0	17806	16.6
41299_45019_EO1_NC8_C1_2_val_2_screen	107271	61049.0	56.91	92325.0	86.07	3850.0	3.5900000000000003	4989.0	4.64	13.0	0.01	2.0	0.0	13419	12.51
41299_45019_EO2_NC8_D2_1_val_1_screen	99881	60555.0	60.620000000000005	92447.0	92.56	941.0	0.9500000000000001	2196.0	2.21	0.0	0.0	0.0	0.0	7181	7.19
41299_45019_EO2_NC8_D2_2_val_2_screen	99881	63729.0	63.81	93545.0	93.65	1355.0	1.36	2842.0	2.84	6.0	0.01	2.0	0.0	6092	6.1
41299_45019_EO3_NC8_E2_1_val_1_screen	100106	61780.0	61.71000000000001	91741.0	91.64000000000001	1134.0	1.1300000000000001	2639.0	2.6399999999999997	0.0	0.0	0.0	0.0	8118	8.11
41299_45019_EO3_NC8_E2_2_val_2_screen	100106	63903.0	63.830000000000005	92717.0	92.62	1507.0	1.51	3069.0	3.07	9.0	0.01	1.0	0.0	7137	7.13
41299_45019_EO4_NC8_F2_1_val_1_screen	100224	59056.0	58.92999999999999	92245.0	92.05	1226.0	1.23	2515.0	2.51	0.0	0.0	1.0	0.0	7687	7.67
41299_45019_EO4_NC8_F2_2_val_2_screen	100224	61654.0	61.51	93223.0	93.00999999999999	1726.0	1.7200000000000002	3118.0	3.12	15.0	0.01	0.0	0.0	6704	6.69
41299_45019_EO5_NC8_G2_1_val_1_screen	100051	59156.0	59.14	92145.0	92.1	1212.0	1.2	2420.0	2.42	0.0	0.0	1.0	0.0	7623	7.62
41299_45019_EO5_NC8_G2_2_val_2_screen	100051	61610.0	61.58	93010.0	92.96000000000001	1652.0	1.65	3091.0	3.08	10.0	0.01	2.0	0.0	6743	6.74
41299_45019_EO6_NC8_H2_1_val_1_screen	99641	56205.0	56.4	92298.0	92.63000000000001	1146.0	1.14	2231.0	2.23	0.0	0.0	0.0	0.0	7054	7.08
41299_45019_EO6_NC8_H2_2_val_2_screen	99641	58860.0	59.07	92647.0	92.98	1660.0	1.67	2954.0	2.96	20.0	0.02	1.0	0.0	6675	6.7
41299_45019_EO7_NC8_I2_1_val_1_screen	109508	63640.0	58.120000000000005	97628.0	89.14999999999999	1121.0	1.02	2602.0	2.37	0.0	0.0	0.0	0.0	11377	10.39
41299_45019_EO7_NC8_I2_2_val_2_screen	109508	67454.0	61.599999999999994	99544.0	90.89999999999999	1629.0	1.4900000000000002	3215.0	2.93	8.0	0.01	2.0	0.0	9472	8.65
41299_45019_EO8_NC8_J2_1_val_1_screen	100243	57447.0	57.31	92629.0	92.39999999999999	1076.0	1.07	2257.0	2.25	0.0	0.0	1.0	0.0	7327	7.31
41299_45019_EO8_NC8_J2_2_val_2_screen	100243	60443.0	60.290000000000006	93404.0	93.18	1504.0	1.5	2869.0	2.87	13.0	0.01	2.0	0.0	6565	6.55
41391_44650_PO1_NC4_F3_1_val_1_screen	99814	58246.0	58.35	92121.0	92.28999999999999	1301.0	1.3	2690.0	2.6999999999999997	0.0	0.0	1.0	0.0	7456	7.47
41391_44650_PO1_NC4_F3_2_val_2_screen	99814	60945.0	61.06	92809.0	92.97999999999999	1872.0	1.88	3333.0	3.34	15.0	0.02	2.0	0.0	6737	6.75
41391_44650_PO2_NC4_G3_1_val_1_screen	99778	57713.0	57.849999999999994	92612.0	92.82	1366.0	1.37	2605.0	2.61	0.0	0.0	0.0	0.0	6894	6.91
41391_44650_PO2_NC4_G3_2_val_2_screen	99778	60263.0	60.38999999999999	92917.0	93.13000000000001	2080.0	2.08	3565.0	3.5700000000000003	16.0	0.02	5.0	0.0	6565	6.58
41391_44650_PO3_NC3_E3_1_val_1_screen	99932	57696.0	57.730000000000004	92524.0	92.58999999999999	1189.0	1.19	2373.0	2.38	0.0	0.0	1.0	0.0	7135	7.14
41391_44650_PO3_NC3_E3_2_val_2_screen	99932	60833.0	60.879999999999995	93304.0	93.36999999999999	1805.0	1.7999999999999998	3258.0	3.2499999999999996	15.0	0.02	1.0	0.0	6365	6.37
41391_44650_SO1_NC1_B3_1_val_1_screen	101399	57868.0	57.06999999999999	92753.0	91.48	1425.0	1.41	2588.0	2.55	0.0	0.0	0.0	0.0	8314	8.2
41391_44650_SO1_NC1_B3_2_val_2_screen	101399	60323.0	59.49	93597.0	92.31	2076.0	2.05	3328.0	3.28	11.0	0.01	2.0	0.0	7483	7.38
41391_44650_SO2_NC1_C4_1_val_1_screen	99599	58312.0	58.550000000000004	92201.0	92.57000000000001	1208.0	1.21	2480.0	2.4899999999999998	0.0	0.0	0.0	0.0	7121	7.15
41391_44650_SO2_NC1_C4_2_val_2_screen	99599	60929.0	61.18	92808.0	93.17999999999999	1870.0	1.8699999999999999	3362.0	3.38	11.0	0.01	3.0	0.0	6483	6.51
41391_44650_SO3_NC1_D3_1_val_1_screen	99687	58434.0	58.61	92450.0	92.74	1286.0	1.29	2526.0	2.53	0.0	0.0	0.0	0.0	6958	6.98
41391_44650_SO3_NC1_D3_2_val_2_screen	99687	61280.0	61.48	93353.0	93.65	2001.0	2.0	3385.0	3.4	15.0	0.02	1.0	0.0	6041	6.06
41391_44923_PO1_NC3_H3_1_val_1_screen	100024	59330.0	59.309999999999995	90084.0	90.07000000000001	1268.0	1.27	2755.0	2.7499999999999996	2.0	0.0	0.0	0.0	9632	9.63
41391_44923_PO1_NC3_H3_2_val_2_screen	100024	61859.0	61.85	91478.0	91.46000000000001	1923.0	1.92	3535.0	3.54	28.0	0.03	2.0	0.0	8231	8.23
41391_44923_PO2_NC3_I3_1_val_1_screen	99764	57526.0	57.64999999999999	92202.0	92.41	1466.0	1.47	2658.0	2.6599999999999997	0.0	0.0	0.0	0.0	7272	7.29
41391_44923_PO2_NC3_I3_2_val_2_screen	99764	60047.0	60.18000000000001	92579.0	92.8	2160.0	2.17	3537.0	3.54	21.0	0.02	5.0	0.0	6833	6.85
41391_44923_PO3_NC5_J3_1_val_1_screen	100476	50843.0	50.6	92963.0	92.52	1560.0	1.55	2547.0	2.54	3.0	0.0	1.0	0.0	7244	7.21
41391_44923_PO3_NC5_J3_2_val_2_screen	100476	54028.0	53.77	93389.0	92.95	2263.0	2.25	3430.0	3.42	22.0	0.02	3.0	0.0	6772	6.74
41391_44923_PO4_NC4_K3_1_val_1_screen	101151	52823.0	52.22	93535.0	92.48	1655.0	1.6300000000000001	2584.0	2.55	0.0	0.0	0.0	0.0	7282	7.2
41391_44923_PO4_NC4_K3_2_val_2_screen	101151	55906.0	55.269999999999996	93779.0	92.72000000000001	2524.0	2.4899999999999998	3639.0	3.6	29.0	0.03	4.0	0.0	7019	6.94
41391_44923_SO1_NC1_O2_1_val_1_screen	99459	48404.0	48.68	92307.0	92.81	1441.0	1.44	2333.0	2.35	1.0	0.0	0.0	0.0	6932	6.97
41391_44923_SO1_NC1_O2_2_val_2_screen	99459	51418.0	51.699999999999996	92773.0	93.28	2019.0	2.03	3113.0	3.13	14.0	0.01	2.0	0.0	6464	6.5
41391_44923_SO2_NC1_P2_1_val_1_screen	100383	48701.0	48.51	93516.0	93.16	1366.0	1.3699999999999999	2190.0	2.19	0.0	0.0	1.0	0.0	6635	6.61
41391_44923_SO2_NC1_P2_2_val_2_screen	100383	52864.0	52.67	94396.0	94.04	1943.0	1.9300000000000002	2987.0	2.9699999999999998	10.0	0.01	0.0	0.0	5751	5.73
41391_44923_SO3_NC1_A3_1_val_1_screen	68142	41784.0	61.32	56456.0	82.85000000000001	978.0	1.4400000000000002	1902.0	2.8	0.0	0.0	0.0	0.0	8912	13.08
41391_44923_SO3_NC1_A3_2_val_2_screen	68142	43434.0	63.75000000000001	57305.0	84.1	1892.0	2.7800000000000002	2926.0	4.3	9.0	0.01	1.0	0.0	8040	11.8
41460_44643_PO1_NC5_O3_1_val_1_screen	99887	57018.0	57.089999999999996	92193.0	92.3	1324.0	1.32	2518.0	2.5199999999999996	1.0	0.0	1.0	0.0	7431	7.44
41460_44643_PO1_NC5_O3_2_val_2_screen	99887	59581.0	59.660000000000004	92882.0	92.98	1939.0	1.94	3313.0	3.3099999999999996	21.0	0.02	1.0	0.0	6722	6.73
41460_44643_PO2_NC5_P3_1_val_1_screen	100188	56686.0	56.58	91380.0	91.2	1620.0	1.6099999999999999	2838.0	2.84	1.0	0.0	1.0	0.0	8425	8.41
41460_44643_PO2_NC5_P3_2_val_2_screen	100188	58372.0	58.260000000000005	91481.0	91.3	2422.0	2.42	3698.0	3.69	29.0	0.03	2.0	0.0	8295	8.28
41460_44643_PO3_NC5_A4_1_val_1_screen	99833	58397.0	58.49	92581.0	92.72999999999999	1276.0	1.27	2632.0	2.63	0.0	0.0	0.0	0.0	6998	7.01
41460_44643_PO3_NC5_A4_2_val_2_screen	99833	60303.0	60.4	92660.0	92.81	1864.0	1.8599999999999999	3347.0	3.3499999999999996	14.0	0.01	2.0	0.0	6908	6.92
41460_44643_SO1_NC1_L3_1_val_1_screen	98490	57187.0	58.06	91627.0	93.02	1695.0	1.72	2869.0	2.91	1.0	0.0	2.0	0.0	6480	6.58
41460_44643_SO1_NC1_L3_2_val_2_screen	98490	58905.0	59.8	91387.0	92.79	2560.0	2.59	3843.0	3.8999999999999995	23.0	0.02	6.0	0.0	6717	6.82
41460_44643_SO2_NC1_M3_1_val_1_screen	100569	57852.0	57.53	93441.0	92.91000000000001	1778.0	1.77	2940.0	2.9299999999999997	1.0	0.0	3.0	0.0	6798	6.76
41460_44643_SO2_NC1_M3_2_val_2_screen	100569	59903.0	59.57	93255.0	92.72999999999999	2842.0	2.8200000000000003	4152.0	4.12	28.0	0.03	3.0	0.0	6888	6.85
41460_44643_SO3_NC1_N3_1_val_1_screen	99915	58586.0	58.64	93025.0	93.1	1376.0	1.37	2592.0	2.5900000000000003	0.0	0.0	1.0	0.0	6604	6.61
41460_44643_SO3_NC1_N3_2_val_2_screen	99915	60907.0	60.959999999999994	93444.0	93.53	2096.0	2.09	3429.0	3.4299999999999997	22.0	0.02	3.0	0.0	6134	6.14
41460_45001_PO1_NC5_E4_1_val_1_screen	100368	56733.0	56.53	93319.0	92.97999999999999	1403.0	1.4000000000000001	2499.0	2.4999999999999996	0.0	0.0	1.0	0.0	6794	6.77
41460_45001_PO1_NC5_E4_2_val_2_screen	100368	60206.0	59.980000000000004	94256.0	93.91	2147.0	2.1500000000000004	3534.0	3.5199999999999996	17.0	0.02	4.0	0.0	5821	5.8
41460_45001_PO2_NC3_F4_1_val_1_screen	101210	55392.0	54.73	94810.0	93.67999999999999	1552.0	1.54	2698.0	2.67	1.0	0.0	2.0	0.0	6173	6.1
41460_45001_PO2_NC3_F4_2_val_2_screen	101210	58382.0	57.67999999999999	95299.0	94.16	2165.0	2.14	3582.0	3.54	15.0	0.01	2.0	0.0	5667	5.6
41460_45001_PO3_NC4_G4_1_val_1_screen	101955	60033.0	58.879999999999995	94383.0	92.57	1555.0	1.5299999999999998	2881.0	2.8200000000000003	1.0	0.0	2.0	0.0	7299	7.16
41460_45001_PO3_NC4_G4_2_val_2_screen	101955	61623.0	60.42999999999999	94639.0	92.82	2317.0	2.27	3709.0	3.63	10.0	0.01	1.0	0.0	6983	6.85
41460_45001_SO1_NC1_B4_1_val_1_screen	99573	58277.0	58.53	91973.0	92.36000000000001	1301.0	1.31	2582.0	2.6	0.0	0.0	0.0	0.0	7298	7.33
41460_45001_SO1_NC1_B4_2_val_2_screen	99573	60879.0	61.13	92665.0	93.06	1987.0	2.0	3449.0	3.4599999999999995	14.0	0.01	4.0	0.0	6631	6.66
41460_45001_SO2_NC1_C3_1_val_1_screen	99381	56140.0	56.489999999999995	89981.0	90.53	1369.0	1.3800000000000001	2584.0	2.6	1.0	0.0	0.0	0.0	9083	9.14
41460_45001_SO2_NC1_C3_2_val_2_screen	99381	59446.0	59.81	91332.0	91.88999999999999	2593.0	2.61	3951.0	3.9699999999999998	18.0	0.02	8.0	0.01	7702	7.75
41460_45001_SO3_NC1_D4_1_val_1_screen	100592	59512.0	59.16	93643.0	93.1	1294.0	1.28	2547.0	2.5399999999999996	17.0	0.02	0.0	0.0	6669	6.63
41460_45001_SO3_NC1_D4_2_val_2_screen	100592	62576.0	62.21	94729.0	94.17	1992.0	1.98	3537.0	3.51	29.0	0.03	1.0	0.0	5602	5.57
42111_44957_PO1_NC3_K4_1_val_1_screen	99263	52657.0	53.050000000000004	92699.0	93.39	1716.0	1.73	2757.0	2.7800000000000002	0.0	0.0	0.0	0.0	6263	6.31
42111_44957_PO1_NC3_K4_2_val_2_screen	99263	54848.0	55.260000000000005	92353.0	93.04000000000002	2627.0	2.65	3849.0	3.87	23.0	0.02	6.0	0.01	6581	6.63
42111_44957_PO2_NC3_L4_1_val_1_screen	99484	55990.0	56.28	92654.0	93.13	1463.0	1.48	2546.0	2.55	0.0	0.0	0.0	0.0	6546	6.58
42111_44957_PO2_NC3_L4_2_val_2_screen	99484	58695.0	59.0	92917.0	93.41	2110.0	2.12	3393.0	3.4	23.0	0.02	4.0	0.0	6257	6.29
42111_44957_SO1_NC1_H4_1_val_1_screen	100314	54051.0	53.879999999999995	93476.0	93.17999999999999	1702.0	1.7000000000000002	2775.0	2.76	0.0	0.0	3.0	0.0	6570	6.55
42111_44957_SO1_NC1_H4_2_val_2_screen	100314	56150.0	55.970000000000006	93437.0	93.14999999999999	2381.0	2.37	3620.0	3.61	20.0	0.02	1.0	0.0	6580	6.56
42111_44957_SO2_NC1_B5_1_val_1_screen	100563	59334.0	58.99999999999999	94024.0	93.5	1078.0	1.07	2293.0	2.2800000000000002	0.0	0.0	0.0	0.0	6275	6.24
42111_44957_SO2_NC1_B5_2_val_2_screen	100563	61836.0	61.49000000000001	94715.0	94.19	1499.0	1.49	3019.0	3.01	8.0	0.01	4.0	0.0	5631	5.6
42111_44957_SO3_NC1_J4_1_val_1_screen	101555	58562.0	57.67	94408.0	92.96999999999998	1471.0	1.44	2742.0	2.6999999999999997	5.0	0.0	0.0	0.0	6844	6.74
42111_44957_SO3_NC1_J4_2_val_2_screen	101555	60777.0	59.85	94637.0	93.19	2335.0	2.29	3709.0	3.65	20.0	0.02	1.0	0.0	6550	6.45
42111_45019_EOo_NC8_M4_1_val_1_screen	99641	58628.0	58.83	91698.0	92.03	1735.0	1.75	3071.0	3.08	2.0	0.0	1.0	0.0	7592	7.62
42111_45019_EOo_NC8_M4_2_val_2_screen	99641	60189.0	60.41	91971.0	92.3	2697.0	2.6999999999999997	4057.0	4.0600000000000005	30.0	0.03	5.0	0.0	7263	7.29
42473_44998_PO1_NC2_I4_1_val_1_screen	103580	42892.0	41.410000000000004	97138.0	93.78	2135.0	2.06	2705.0	2.61	0.0	0.0	1.0	0.0	6173	5.96
42473_44998_PO1_NC2_I4_2_val_2_screen	103580	46641.0	45.03	96874.0	93.52	3010.0	2.91	3726.0	3.6	25.0	0.02	3.0	0.0	6380	6.16
42473_44998_SO1_NC1_P4_1_val_1_screen	184331	90754.0	49.230000000000004	163669.0	88.8	3328.0	1.81	5140.0	2.78	2.0	0.0	6.0	0.0	19889	10.79
42473_44998_SO1_NC1_P4_2_val_2_screen	184331	96829.0	52.53	165708.0	89.9	6780.0	3.67	8865.0	4.81	51.0	0.03	632.0	0.35000000000000003	17271	9.37
42473_44998_SO2_NC1_A5_1_val_1_screen	98843	53464.0	54.089999999999996	91623.0	92.69	1231.0	1.24	2234.0	2.26	0.0	0.0	0.0	0.0	6899	6.98
42473_44998_SO2_NC1_A5_2_val_2_screen	98843	56353.0	57.02	92261.0	93.33	1863.0	1.89	3146.0	3.1799999999999997	12.0	0.01	1.0	0.0	6246	6.32
42473_45061_EO1_NC8_O4_1_val_1_screen	98369	48307.0	49.11	89547.0	91.03	1777.0	1.81	2619.0	2.66	58.0	0.06	1.0	0.0	8292	8.43
42473_45061_EO1_NC8_O4_2_val_2_screen	98369	50968.0	51.81999999999999	89621.0	91.11	2558.0	2.59	3609.0	3.66	72.0	0.07	0.0	0.0	8203	8.34
42651_45042_PO1_NC3_E5_1_val_1_screen	100219	57583.0	57.45	93302.0	93.1	1110.0	1.11	2234.0	2.23	0.0	0.0	0.0	0.0	6634	6.62
42651_45042_PO1_NC3_E5_2_val_2_screen	100219	60691.0	60.56	94207.0	94.0	1630.0	1.63	3075.0	3.0700000000000003	12.0	0.01	3.0	0.0	5722	5.71
42651_45042_PO2_NC4_N4_1_val_1_screen	100468	57193.0	56.93	92703.0	92.28	1778.0	1.7600000000000002	2920.0	2.91	0.0	0.0	0.0	0.0	7364	7.33
42651_45042_PO2_NC4_N4_2_val_2_screen	100468	60114.0	59.84	92999.0	92.57000000000001	2803.0	2.79	4102.0	4.08	24.0	0.02	4.0	0.0	7042	7.01
42651_45042_PO3_NC4_G5_1_val_1_screen	99572	58253.0	58.49	92160.0	92.55999999999999	1430.0	1.44	2699.0	2.71	0.0	0.0	1.0	0.0	6970	7.0
42651_45042_PO3_NC4_G5_2_val_2_screen	99572	60176.0	60.440000000000005	92461.0	92.86	1947.0	1.95	3318.0	3.33	23.0	0.02	1.0	0.0	6701	6.73
42651_45042_SO1_NC1_C6_1_val_1_screen	98250	54259.0	55.23	91407.0	93.04	1221.0	1.25	2260.0	2.3	0.0	0.0	2.0	0.0	6582	6.7
42651_45042_SO1_NC1_C6_2_val_2_screen	98250	57353.0	58.38	92144.0	93.78999999999999	1804.0	1.8399999999999999	3122.0	3.1799999999999997	31.0	0.03	1.0	0.0	5806	5.91
42651_45042_SO2_NC1_D5_1_val_1_screen	101894	58860.0	57.760000000000005	94886.0	93.11999999999999	1172.0	1.15	2489.0	2.43	0.0	0.0	1.0	0.0	6775	6.65
42651_45042_SO2_NC1_D5_2_val_2_screen	101894	61431.0	60.29	95683.0	93.91	1683.0	1.6600000000000001	3030.0	2.9699999999999998	17.0	0.02	2.0	0.0	5960	5.85
42651_45042_SO3_NC1_F5_1_val_1_screen	100068	58542.0	58.50000000000001	91810.0	91.74	1055.0	1.06	2199.0	2.2	0.0	0.0	0.0	0.0	8025	8.02
42651_45042_SO3_NC1_F5_2_val_2_screen	100068	61436.0	61.4	92697.0	92.63	1524.0	1.52	2947.0	2.9499999999999997	11.0	0.01	3.0	0.0	7134	7.13
43028_44664_PO2_NC5_K5_1_val_1_screen	100117	58607.0	58.53	91724.0	91.61999999999999	1192.0	1.19	2509.0	2.5	0.0	0.0	0.0	0.0	8099	8.09
43028_44664_PO2_NC5_K5_2_val_2_screen	100117	60846.0	60.769999999999996	92486.0	92.37	1696.0	1.7000000000000002	3128.0	3.1199999999999997	16.0	0.02	2.0	0.0	7358	7.35
43028_44664_SO1_NC1_H5_1_val_1_screen	100265	58088.0	57.94	91952.0	91.7	1138.0	1.1300000000000001	2439.0	2.44	2.0	0.0	1.0	0.0	7961	7.94
43028_44664_SO1_NC1_H5_2_val_2_screen	100265	60847.0	60.68	93088.0	92.84	1749.0	1.75	3140.0	3.13	7.0	0.01	1.0	0.0	6848	6.83
43028_44664_SO2_NC1_I5_1_val_1_screen	100394	58697.0	58.46	93411.0	93.04	1235.0	1.24	2489.0	2.48	0.0	0.0	1.0	0.0	6696	6.67
43028_44664_SO2_NC1_I5_2_val_2_screen	100394	61104.0	60.87	93855.0	93.49	1675.0	1.67	3106.0	3.09	10.0	0.01	1.0	0.0	6254	6.23
43028_44664_SO3_NC1_J5_1_val_1_screen	99793	56983.0	57.1	92367.0	92.56	1160.0	1.17	2370.0	2.38	0.0	0.0	2.0	0.0	7145	7.16
43028_44664_SO3_NC1_J5_2_val_2_screen	99793	59686.0	59.809999999999995	93112.0	93.3	1647.0	1.65	2950.0	2.96	16.0	0.02	4.0	0.0	6396	6.41
43051_44931_SO1_NC1_L5_1_val_1_screen	100047	58239.0	58.21	92785.0	92.74	1084.0	1.09	2419.0	2.42	0.0	0.0	1.0	0.0	6973	6.97
43051_44931_SO1_NC1_L5_2_val_2_screen	100047	60782.0	60.739999999999995	93554.0	93.51000000000002	1498.0	1.49	2960.0	2.9499999999999997	10.0	0.01	1.0	0.0	6232	6.23
43051_45068_EO1_NC8_M5_1_val_1_screen	101353	55671.0	54.93	94246.0	92.99000000000001	1503.0	1.48	2627.0	2.5900000000000003	0.0	0.0	0.0	0.0	6800	6.71
43051_45068_EO1_NC8_M5_2_val_2_screen	101353	58146.0	57.36	94350.0	93.09	2337.0	2.31	3561.0	3.5100000000000002	25.0	0.02	4.0	0.0	6628	6.54
43051_45068_EO2_NC8_N5_1_val_1_screen	3566	565.0	15.840000000000002	552.0	15.479999999999999	209.0	5.87	232.0	6.51	0.0	0.0	4.0	0.11	2854	80.06
43051_45068_EO2_NC8_N5_2_val_2_screen	3566	772.0	21.64	799.0	22.41	446.0	12.510000000000002	459.0	12.88	4.0	0.11	6.0	0.16999999999999998	2633	73.84
43051_45068_EO3_NC8_O5_1_val_1_screen	99455	57035.0	57.349999999999994	92489.0	93.0	1210.0	1.22	2249.0	2.26	0.0	0.0	1.0	0.0	6693	6.73
43051_45068_EO3_NC8_O5_2_val_2_screen	99455	60060.0	60.39	93214.0	93.72	1789.0	1.7999999999999998	3087.0	3.0999999999999996	17.0	0.02	6.0	0.0	5947	5.98
44218_44676_PO1_NC4_M6_1_val_1_screen	100649	51661.0	51.33	93845.0	93.23	1386.0	1.37	2272.0	2.26	86.0	0.09	1.0	0.0	6451	6.41
44218_44676_PO1_NC4_M6_2_val_2_screen	100649	54537.0	54.18	94144.0	93.52999999999999	2074.0	2.06	3141.0	3.12	100.0	0.1	2.0	0.0	6129	6.09
44218_44676_SO1_NC1_J6_1_val_1_screen	99699	59538.0	59.71	92820.0	93.10000000000001	1106.0	1.11	2359.0	2.3799999999999994	0.0	0.0	0.0	0.0	6580	6.6
44218_44676_SO1_NC1_J6_2_val_2_screen	99699	61924.0	62.11	93014.0	93.28999999999999	1717.0	1.7200000000000002	3142.0	3.1500000000000004	8.0	0.01	4.0	0.0	6390	6.41
44218_44676_SO2_NC1_K6_1_val_1_screen	100656	56722.0	56.339999999999996	93930.0	93.32	1237.0	1.23	2248.0	2.23	0.0	0.0	0.0	0.0	6421	6.38
44218_44676_SO2_NC1_K6_2_val_2_screen	100656	59498.0	59.099999999999994	94394.0	93.78	1890.0	1.88	3187.0	3.1599999999999997	11.0	0.01	1.0	0.0	5928	5.89
44218_44676_SO3_NC1_L6_1_val_1_screen	101444	58033.0	57.209999999999994	91408.0	90.10000000000001	1639.0	1.62	2799.0	2.76	0.0	0.0	0.0	0.0	9718	9.58
44218_44676_SO3_NC1_L6_2_val_2_screen	101444	60744.0	59.879999999999995	91908.0	90.61	2678.0	2.64	4018.0	3.9499999999999997	21.0	0.02	6.0	0.0	9221	9.09
44564_44991_PO1_NC3_H6_1_val_1_screen	99764	57770.0	57.91	92222.0	92.44999999999999	1178.0	1.18	2361.0	2.37	0.0	0.0	1.0	0.0	7272	7.29
44564_44991_PO1_NC3_H6_2_val_2_screen	99764	60933.0	61.080000000000005	93109.0	93.34	1747.0	1.75	3183.0	3.1899999999999995	8.0	0.01	3.0	0.0	6374	6.39
44564_44991_SO1_NC1_E6_1_val_1_screen	97200	54532.0	56.1	90715.0	93.33	1127.0	1.16	2159.0	2.21	1.0	0.0	1.0	0.0	6279	6.46
44564_44991_SO1_NC1_E6_2_val_2_screen	97200	57569.0	59.21	91199.0	93.83	1565.0	1.61	2935.0	3.0199999999999996	10.0	0.01	1.0	0.0	5763	5.93
44564_44991_SO2_NC1_F6_1_val_1_screen	100612	56658.0	56.32000000000001	94084.0	93.50999999999999	1226.0	1.21	2319.0	2.31	3.0	0.0	0.0	0.0	6298	6.26
44564_44991_SO2_NC1_F6_2_val_2_screen	100612	59567.0	59.21000000000001	94808.0	94.23	1655.0	1.6400000000000001	3006.0	2.98	12.0	0.01	2.0	0.0	5543	5.51
44564_44991_SO3_NC1_G6_1_val_1_screen	88320	46063.0	52.150000000000006	81546.0	92.34000000000002	1311.0	1.48	2238.0	2.5399999999999996	0.0	0.0	0.0	0.0	6518	7.38
44564_44991_SO3_NC1_G6_2_val_2_screen	88320	48561.0	54.980000000000004	81947.0	92.78	1941.0	2.2	2985.0	3.38	17.0	0.02	8.0	0.0	6102	6.91
44994_45005_PO1_NC3_B6_1_val_1_screen	101057	58706.0	58.10000000000001	93343.0	92.36	1143.0	1.13	2418.0	2.3999999999999995	0.0	0.0	0.0	0.0	7437	7.36
44994_45005_PO1_NC3_B6_2_val_2_screen	101057	61592.0	60.949999999999996	94517.0	93.52	1690.0	1.6800000000000002	3168.0	3.13	4.0	0.0	0.0	0.0	6295	6.23
44994_45005_PO2_NC3_C5_1_val_1_screen	99298	59861.0	60.28	91452.0	92.09	1137.0	1.1400000000000001	2565.0	2.5799999999999996	0.0	0.0	0.0	0.0	7576	7.63
44994_45005_PO2_NC3_C5_2_val_2_screen	99298	61874.0	62.32000000000001	92003.0	92.66000000000001	1840.0	1.8499999999999999	3333.0	3.3599999999999994	13.0	0.01	5.0	0.0	7010	7.06
44994_45005_SO1_NC1_P5_1_val_1_screen	100878	55821.0	55.34	93065.0	92.26	1377.0	1.36	2497.0	2.4699999999999998	1.0	0.0	1.0	0.0	7454	7.39
44994_45005_SO1_NC1_P5_2_val_2_screen	100878	58256.0	57.76	93555.0	92.74	2182.0	2.16	3487.0	3.46	18.0	0.02	3.0	0.0	6940	6.88
44994_45005_SO2_NC1_A6_1_val_1_screen	101322	58644.0	57.879999999999995	94077.0	92.85	1315.0	1.3	2532.0	2.49	0.0	0.0	1.0	0.0	6970	6.88
44994_45005_SO2_NC1_A6_2_val_2_screen	101322	61072.0	60.28	94475.0	93.25	1850.0	1.8299999999999998	3298.0	3.26	15.0	0.01	2.0	0.0	6545	6.46
44994_45005_SO3_NC1_D6_1_val_1_screen	102177	55863.0	54.67	95285.0	93.25	1317.0	1.29	2373.0	2.32	1.0	0.0	0.0	0.0	6651	6.51
44994_45005_SO3_NC1_D6_2_val_2_screen	102177	59282.0	58.02	96058.0	94.0	1783.0	1.75	3061.0	2.99	11.0	0.01	3.0	0.0	5854	5.73
45208_44650_PO1_NC5_A7_1_val_1_screen	101561	60231.0	59.31	94748.0	93.29	1294.0	1.26	2608.0	2.57	0.0	0.0	1.0	0.0	6530	6.43
45208_44650_PO1_NC5_A7_2_val_2_screen	101561	62386.0	61.43	95160.0	93.7	1824.0	1.7999999999999998	3368.0	3.3099999999999996	14.0	0.01	6.0	0.0	6134	6.04
45208_44650_PO2_NC3_B7_1_val_1_screen	98718	58784.0	59.54	91173.0	92.35	1176.0	1.19	2455.0	2.4799999999999995	0.0	0.0	1.0	0.0	7285	7.38
45208_44650_PO2_NC3_B7_2_val_2_screen	98718	60518.0	61.3	91210.0	92.4	1804.0	1.83	3299.0	3.34	12.0	0.01	1.0	0.0	7275	7.37
45208_44650_PO3_NC5_C8_1_val_1_screen	99719	58179.0	58.34	92476.0	92.74000000000001	1212.0	1.22	2406.0	2.41	0.0	0.0	0.0	0.0	6960	6.98
45208_44650_PO3_NC5_C8_2_val_2_screen	99719	60895.0	61.07	93044.0	93.31	1688.0	1.7000000000000002	3162.0	3.17	13.0	0.01	5.0	0.0	6401	6.42
45208_44650_SO1_NC1_N6_1_val_1_screen	100203	57729.0	57.61	92876.0	92.69000000000001	1166.0	1.16	2349.0	2.34	0.0	0.0	0.0	0.0	7044	7.03
45208_44650_SO1_NC1_N6_2_val_2_screen	100203	60037.0	59.92	93184.0	93.0	1688.0	1.6800000000000002	3021.0	3.01	16.0	0.02	2.0	0.0	6713	6.7
45208_44650_SO2_NC1_O6_1_val_1_screen	99552	57861.0	58.12	92261.0	92.67999999999999	1136.0	1.1400000000000001	2190.0	2.2	0.0	0.0	2.0	0.0	6998	7.03
45208_44650_SO2_NC1_O6_2_val_2_screen	99552	60883.0	61.15	93182.0	93.59	1698.0	1.7000000000000002	2954.0	2.9599999999999995	7.0	0.01	2.0	0.0	6092	6.12
45208_44650_SO3_NC1_P6_1_val_1_screen	101076	59337.0	58.71	93811.0	92.82000000000001	1291.0	1.27	2371.0	2.34	0.0	0.0	2.0	0.0	6923	6.85
45208_44650_SO3_NC1_P6_2_val_2_screen	101076	62303.0	61.64000000000001	94726.0	93.71	1945.0	1.92	3201.0	3.16	18.0	0.02	9.0	0.01	6003	5.94
45208_45054_BL1_NC16_I7_1_val_1_screen	97797	53703.0	54.91	90923.0	92.97	1507.0	1.54	2678.0	2.7299999999999995	62.0	0.06	3.0	0.0	6513	6.66
45208_45054_BL1_NC16_I7_2_val_2_screen	97797	56006.0	57.269999999999996	90972.0	93.02	2199.0	2.25	3445.0	3.51	82.0	0.08	6.0	0.0	6435	6.58
45208_45054_BL2_NC16_J7_1_val_1_screen	99989	59085.0	59.089999999999996	90962.0	90.97	1217.0	1.22	2464.0	2.4699999999999998	0.0	0.0	2.0	0.0	8729	8.73
45208_45054_BL2_NC16_J7_2_val_2_screen	99989	61762.0	61.76	92267.0	92.27000000000001	1720.0	1.7200000000000002	3109.0	3.11	22.0	0.02	4.0	0.0	7409	7.41
45208_45054_BL3_NC16_K7_1_val_1_screen	99864	58315.0	58.38999999999999	92640.0	92.78	1262.0	1.26	2390.0	2.3899999999999997	0.0	0.0	3.0	0.0	6930	6.94
45208_45054_BL3_NC16_K7_2_val_2_screen	99864	61238.0	61.32000000000001	93093.0	93.21	1881.0	1.88	3269.0	3.2700000000000005	11.0	0.01	2.0	0.0	6451	6.46
45208_45054_BL4_NC16_L7_1_val_1_screen	99922	59439.0	59.480000000000004	91579.0	91.65	1263.0	1.26	2631.0	2.6299999999999994	2.0	0.0	4.0	0.0	8013	8.02
45208_45054_BL4_NC16_L7_2_val_2_screen	99922	62055.0	62.11	92274.0	92.35	1802.0	1.7999999999999998	3175.0	3.1799999999999997	12.0	0.01	1.0	0.0	7324	7.33
45208_45054_BL5_NC16_M7_1_val_1_screen	100007	59347.0	59.339999999999996	92318.0	92.31	1440.0	1.4500000000000002	2703.0	2.6999999999999997	4.0	0.0	1.0	0.0	7390	7.39
45208_45054_BL5_NC16_M7_2_val_2_screen	100007	61134.0	61.13999999999999	92471.0	92.47	2146.0	2.14	3529.0	3.5300000000000002	21.0	0.02	4.0	0.0	7210	7.21
45208_45054_BL6_NC16_N7_1_val_1_screen	100217	57216.0	57.09	92285.0	92.08999999999999	1256.0	1.26	2468.0	2.46	0.0	0.0	0.0	0.0	7616	7.6
45208_45054_BL6_NC16_N7_2_val_2_screen	100217	60086.0	59.949999999999996	93248.0	93.03999999999999	1884.0	1.88	3312.0	3.3	11.0	0.01	1.0	0.0	6664	6.65
45208_45054_EO1_NC8_D7_1_val_1_screen	99867	56951.0	57.029999999999994	92970.0	93.09	1267.0	1.27	2394.0	2.3999999999999995	0.0	0.0	0.0	0.0	6631	6.64
45208_45054_EO1_NC8_D7_2_val_2_screen	99867	60224.0	60.309999999999995	93739.0	93.86	1857.0	1.85	3204.0	3.21	14.0	0.01	2.0	0.0	5872	5.88
45208_45054_EO2_NC8_E7_1_val_1_screen	95705	49763.0	52.00000000000001	88767.0	92.75000000000001	1362.0	1.42	2353.0	2.46	1.0	0.0	1.0	0.0	6651	6.95
45208_45054_EO2_NC8_E7_2_val_2_screen	95705	52940.0	55.31	89175.0	93.17999999999999	1994.0	2.08	3154.0	3.29	16.0	0.02	3.0	0.0	6230	6.51
45208_45054_EO3_NC8_F7_1_val_1_screen	101680	58855.0	57.879999999999995	94463.0	92.89999999999999	1112.0	1.09	2319.0	2.28	0.0	0.0	1.0	0.0	6985	6.87
45208_45054_EO3_NC8_F7_2_val_2_screen	101680	61727.0	60.71	95578.0	94.0	1520.0	1.5	2934.0	2.8799999999999994	7.0	0.01	3.0	0.0	5856	5.76
45208_45054_EO4_NC8_G7_1_val_1_screen	99610	60047.0	60.28	90750.0	91.11000000000001	1261.0	1.27	2806.0	2.82	0.0	0.0	0.0	0.0	8576	8.61
45208_45054_EO4_NC8_G7_2_val_2_screen	99610	61590.0	61.82	91794.0	92.14999999999999	1756.0	1.76	3276.0	3.2800000000000002	16.0	0.02	1.0	0.0	7520	7.55
45208_45054_EO5_NC8_H7_1_val_1_screen	99254	57575.0	58.01	92020.0	92.71	1364.0	1.37	2607.0	2.6199999999999997	1.0	0.0	0.0	0.0	6937	6.99
45208_45054_EO5_NC8_H7_2_val_2_screen	99254	60044.0	60.489999999999995	92485.0	93.17999999999999	2139.0	2.1500000000000004	3545.0	3.57	20.0	0.02	1.0	0.0	6451	6.5
45669_44700_PO1_NC5_O8_1_val_1_screen	100114	59611.0	59.54	93102.0	93.0	1302.0	1.3	2538.0	2.53	0.0	0.0	0.0	0.0	6717	6.71
45669_44700_PO1_NC5_O8_2_val_2_screen	100114	61800.0	61.730000000000004	92920.0	92.80999999999999	1933.0	1.94	3300.0	3.2899999999999996	16.0	0.01	2.0	0.0	6867	6.86
45669_44700_PO2_NC5_P8_1_val_1_screen	100288	59070.0	58.9	92944.0	92.67	1409.0	1.4000000000000001	2704.0	2.6999999999999997	0.0	0.0	2.0	0.0	7040	7.02
45669_44700_PO2_NC5_P8_2_val_2_screen	100288	60772.0	60.599999999999994	93156.0	92.88	2096.0	2.09	3489.0	3.4699999999999998	13.0	0.01	5.0	0.0	6829	6.81
45669_44700_PO3_NC4_A9_1_val_1_screen	99874	58740.0	58.8	92003.0	92.11	1291.0	1.29	2563.0	2.5699999999999994	0.0	0.0	0.0	0.0	7600	7.61
45669_44700_PO3_NC4_A9_2_val_2_screen	99874	61153.0	61.22	92732.0	92.85	1987.0	1.99	3414.0	3.41	9.0	0.01	0.0	0.0	6871	6.88
45669_44700_SO1_NC1_L8_1_val_1_screen	100361	55193.0	54.99	92972.0	92.64	1320.0	1.32	2441.0	2.42	0.0	0.0	1.0	0.0	7145	7.12
45669_44700_SO1_NC1_L8_2_val_2_screen	100361	57563.0	57.35	93288.0	92.94999999999999	1863.0	1.85	3156.0	3.1399999999999997	22.0	0.02	3.0	0.0	6794	6.77
45669_44700_SO2_NC1_M8_1_val_1_screen	99298	57460.0	57.86	92075.0	92.72	1521.0	1.54	2530.0	2.5399999999999996	0.0	0.0	1.0	0.0	6881	6.93
45669_44700_SO2_NC1_M8_2_val_2_screen	99298	59919.0	60.34	92455.0	93.12	2253.0	2.27	3474.0	3.5	10.0	0.01	3.0	0.0	6513	6.56
45669_44700_SO3_NC1_N8_1_val_1_screen	101077	58682.0	58.06	93692.0	92.69	1396.0	1.3800000000000001	2654.0	2.62	0.0	0.0	1.0	0.0	7014	6.94
45669_44700_SO3_NC1_N8_2_val_2_screen	101077	60417.0	59.769999999999996	93507.0	92.50999999999999	2209.0	2.18	3599.0	3.56	24.0	0.02	3.0	0.0	7216	7.14
45669_44964_PO1_NC4_B8_1_val_1_screen	99305	57067.0	57.47	92282.0	92.92	1322.0	1.33	2519.0	2.5399999999999996	0.0	0.0	1.0	0.0	6752	6.8
45669_44964_PO1_NC4_B8_2_val_2_screen	99305	59722.0	60.14	92750.0	93.4	1931.0	1.94	3323.0	3.34	19.0	0.02	4.0	0.0	6256	6.3
45669_44964_PO2_NC4_C7_1_val_1_screen	100943	55603.0	55.08	92589.0	91.72	1254.0	1.24	2438.0	2.41	0.0	0.0	0.0	0.0	8115	8.04
45669_44964_PO2_NC4_C7_2_val_2_screen	100943	58601.0	58.04	93433.0	92.56	1932.0	1.9100000000000001	3277.0	3.2399999999999993	12.0	0.01	0.0	0.0	7227	7.16
45669_44964_PO3_NC3_D8_1_val_1_screen	100581	58428.0	58.089999999999996	94145.0	93.6	1283.0	1.28	2358.0	2.34	0.0	0.0	2.0	0.0	6215	6.18
45669_44964_PO3_NC3_D8_2_val_2_screen	100581	61440.0	61.08	94818.0	94.27	1854.0	1.8399999999999999	3334.0	3.3099999999999996	19.0	0.02	4.0	0.0	5501	5.47
45669_44964_PO4_NC3_E8_1_val_1_screen	100763	57620.0	57.190000000000005	93961.0	93.24999999999999	1201.0	1.19	2371.0	2.35	0.0	0.0	1.0	0.0	6569	6.52
45669_44964_PO4_NC3_E8_2_val_2_screen	100763	60485.0	60.019999999999996	94809.0	94.1	1703.0	1.69	3078.0	3.05	13.0	0.01	3.0	0.0	5713	5.67
45669_44964_SO1_NC1_O7_1_val_1_screen	99807	59296.0	59.410000000000004	91493.0	91.67	1350.0	1.35	2509.0	2.51	0.0	0.0	0.0	0.0	7764	7.78
45669_44964_SO1_NC1_O7_2_val_2_screen	99807	61895.0	62.019999999999996	92161.0	92.34	1929.0	1.93	3175.0	3.1799999999999997	9.0	0.01	0.0	0.0	7096	7.11
45669_44964_SO2_NC1_P7_1_val_1_screen	97043	54314.0	55.970000000000006	90165.0	92.91000000000001	1526.0	1.56	2542.0	2.62	0.0	0.0	0.0	0.0	6550	6.75
45669_44964_SO2_NC1_P7_2_val_2_screen	97043	56364.0	58.08	90178.0	92.92	2318.0	2.39	3544.0	3.66	22.0	0.02	2.0	0.0	6501	6.7
45669_44964_SO3_NC1_A8_1_val_1_screen	100692	60013.0	59.59	93029.0	92.4	1231.0	1.22	2531.0	2.51	1.0	0.0	0.0	0.0	7380	7.33
45669_44964_SO3_NC1_A8_2_val_2_screen	100692	62199.0	61.76	93650.0	93.00999999999999	1753.0	1.73	3336.0	3.3099999999999996	15.0	0.01	3.0	0.0	6786	6.74
45982_44908_PO1_NC3_J8_1_val_1_screen	99093	57350.0	57.879999999999995	91894.0	92.73	1242.0	1.25	2360.0	2.38	1.0	0.0	2.0	0.0	6886	6.95
45982_44908_PO1_NC3_J8_2_val_2_screen	99093	59692.0	60.239999999999995	92252.0	93.07999999999998	1790.0	1.7999999999999998	3056.0	3.08	15.0	0.02	2.0	0.0	6500	6.56
45982_44908_PO2_NC4_K8_1_val_1_screen	100903	53022.0	52.54	94471.0	93.63000000000001	1475.0	1.46	2414.0	2.3899999999999997	0.0	0.0	0.0	0.0	6175	6.12
45982_44908_PO2_NC4_K8_2_val_2_screen	100903	56272.0	55.769999999999996	94504.0	93.66999999999999	2159.0	2.15	3219.0	3.19	16.0	0.02	3.0	0.0	6094	6.04
45982_44908_SO1_NC1_G8_1_val_1_screen	100176	56642.0	56.54	92585.0	92.42999999999999	1393.0	1.39	2638.0	2.6299999999999994	0.0	0.0	0.0	0.0	7332	7.32
45982_44908_SO1_NC1_G8_2_val_2_screen	100176	58813.0	58.7	92993.0	92.83	1998.0	1.99	3383.0	3.3699999999999997	17.0	0.02	3.0	0.0	6882	6.87
45982_44908_SO2_NC1_H8_1_val_1_screen	99939	57057.0	57.09	92884.0	92.94	1263.0	1.27	2479.0	2.48	0.0	0.0	1.0	0.0	6775	6.78
45982_44908_SO2_NC1_H8_2_val_2_screen	99939	59364.0	59.39	93058.0	93.11	1869.0	1.8699999999999999	3192.0	3.19	20.0	0.02	2.0	0.0	6536	6.54
45982_44908_SO3_NC1_I8_1_val_1_screen	101535	56443.0	55.59	94385.0	92.96000000000001	1426.0	1.4100000000000001	2547.0	2.51	0.0	0.0	2.0	0.0	6833	6.73
45982_44908_SO3_NC1_I8_2_val_2_screen	101535	58482.0	57.60000000000001	94199.0	92.77	2189.0	2.16	3374.0	3.32	24.0	0.02	2.0	0.0	6985	6.88
45982_45001_PO1_NC3_E9_1_val_1_screen	101569	54084.0	53.25	93359.0	91.91	1548.0	1.52	2533.0	2.4899999999999998	0.0	0.0	1.0	0.0	7912	7.79
45982_45001_PO1_NC3_E9_2_val_2_screen	101569	57665.0	56.75999999999999	93915.0	92.47	2485.0	2.45	3618.0	3.56	19.0	0.02	7.0	0.0	7343	7.23
45982_45001_PO2_NC4_F8_1_val_1_screen	100705	55840.0	55.45	93853.0	93.2	1203.0	1.19	2332.0	2.3199999999999994	5.0	0.0	0.0	0.0	6596	6.55
45982_45001_PO2_NC4_F8_2_val_2_screen	100705	58755.0	58.34	94471.0	93.81	1753.0	1.7400000000000002	3075.0	3.05	17.0	0.02	2.0	0.0	5961	5.92
45982_45001_SO1_NC1_B9_1_val_1_screen	99824	59970.0	60.08	91159.0	91.33	1139.0	1.1500000000000001	2678.0	2.69	0.0	0.0	0.0	0.0	8405	8.42
45982_45001_SO1_NC1_B9_2_val_2_screen	99824	62649.0	62.76	92642.0	92.81	1685.0	1.6800000000000002	3216.0	3.2199999999999998	12.0	0.01	1.0	0.0	6907	6.92
45982_45001_SO2_NC1_C10_1_val_1_screen	98501	55133.0	55.97	92000.0	93.39000000000001	1390.0	1.41	2419.0	2.4599999999999995	0.0	0.0	1.0	0.0	6254	6.35
45982_45001_SO2_NC1_C10_2_val_2_screen	98501	57938.0	58.81999999999999	92343.0	93.75000000000001	2055.0	2.0900000000000003	3313.0	3.36	19.0	0.02	5.0	0.0	5890	5.98
45982_45001_SO3_NC1_D9_1_val_1_screen	97958	54794.0	55.94	91451.0	93.35	1287.0	1.31	2339.0	2.3899999999999997	0.0	0.0	0.0	0.0	6259	6.39
45982_45001_SO3_NC1_D9_2_val_2_screen	97958	57996.0	59.21	92327.0	94.24999999999999	1883.0	1.91	3194.0	3.26	22.0	0.02	1.0	0.0	5397	5.51
46363_44664_PO1_NC5_L9_1_val_1_screen	100518	57897.0	57.599999999999994	93189.0	92.70999999999998	1353.0	1.34	2491.0	2.48	2.0	0.0	0.0	0.0	7016	6.98
46363_44664_PO1_NC5_L9_2_val_2_screen	100518	60784.0	60.46	94005.0	93.52	2079.0	2.0700000000000003	3459.0	3.44	17.0	0.02	2.0	0.0	6191	6.16
46363_44664_SO1_NC1_I9_1_val_1_screen	99953	57833.0	57.86	91960.0	92.0	1248.0	1.24	2436.0	2.4399999999999995	0.0	0.0	2.0	0.0	7686	7.69
46363_44664_SO1_NC1_I9_2_val_2_screen	99953	60822.0	60.839999999999996	92901.0	92.94	1949.0	1.95	3405.0	3.41	10.0	0.01	3.0	0.0	6736	6.74
46363_44664_SO2_NC1_J9_1_val_1_screen	99516	57644.0	57.919999999999995	92224.0	92.66	1391.0	1.3900000000000001	2557.0	2.5599999999999996	0.0	0.0	0.0	0.0	6995	7.03
46363_44664_SO2_NC1_J9_2_val_2_screen	99516	60032.0	60.330000000000005	92668.0	93.11999999999999	2170.0	2.1799999999999997	3582.0	3.5999999999999996	22.0	0.02	2.0	0.0	6518	6.55
46363_44664_SO3_NC1_K9_1_val_1_screen	99351	55679.0	56.04	92514.0	93.11999999999999	1470.0	1.48	2547.0	2.56	0.0	0.0	2.0	0.0	6547	6.59
46363_44664_SO3_NC1_K9_2_val_2_screen	99351	58509.0	58.900000000000006	92983.0	93.59	2287.0	2.31	3523.0	3.54	23.0	0.02	4.0	0.0	6050	6.09
46363_44914_PO1_NC4_H9_1_val_1_screen	100329	57698.0	57.51	93350.0	93.05000000000001	1407.0	1.4000000000000001	2589.0	2.5799999999999996	0.0	0.0	0.0	0.0	6671	6.65
46363_44914_PO1_NC4_H9_2_val_2_screen	100329	60659.0	60.45	94098.0	93.77999999999999	2148.0	2.1399999999999997	3486.0	3.4699999999999998	17.0	0.02	4.0	0.0	5939	5.92
46363_44914_SO1_NC1_F9_1_val_1_screen	100093	60479.0	60.42	90607.0	90.52	1270.0	1.27	2873.0	2.8699999999999997	0.0	0.0	1.0	0.0	9218	9.21
46363_44914_SO1_NC1_F9_2_val_2_screen	100093	63074.0	63.0	92330.0	92.24	1916.0	1.91	3500.0	3.4899999999999998	15.0	0.01	2.0	0.0	7496	7.49
46363_44914_SO2_NC1_G9_1_val_1_screen	100200	58405.0	58.300000000000004	92941.0	92.76	1385.0	1.3800000000000001	2617.0	2.61	0.0	0.0	1.0	0.0	6943	6.93
46363_44914_SO2_NC1_G9_2_val_2_screen	100200	61266.0	61.14	93663.0	93.48	2150.0	2.14	3565.0	3.55	24.0	0.02	1.0	0.0	6212	6.2
46363_44914_SO3_NC1_I6_1_val_1_screen	100140	52047.0	51.97	93739.0	93.62	1418.0	1.41	2391.0	2.3899999999999997	2.0	0.0	1.0	0.0	6188	6.18
46363_44914_SO3_NC1_I6_2_val_2_screen	100140	54879.0	54.8	94128.0	93.99000000000001	2036.0	2.04	3158.0	3.16	22.0	0.02	5.0	0.0	5798	5.79
46606_44938_PO1_NC4_P9_1_val_1_screen	99166	53315.0	53.77	92854.0	93.63	1657.0	1.6800000000000002	2701.0	2.7199999999999998	19.0	0.02	1.0	0.0	5920	5.97
46606_44938_PO1_NC4_P9_2_val_2_screen	99166	56034.0	56.5	92866.0	93.64	2575.0	2.5999999999999996	3692.0	3.7199999999999998	36.0	0.04	6.0	0.0	5940	5.99
46606_44938_PO2_NC3_A10_1_val_1_screen	99274	55046.0	55.45	92991.0	93.67000000000002	1344.0	1.3599999999999999	2465.0	2.49	1.0	0.0	1.0	0.0	6065	6.11
46606_44938_PO2_NC3_A10_2_val_2_screen	99274	58314.0	58.75	93725.0	94.4	1865.0	1.87	3150.0	3.17	24.0	0.02	2.0	0.0	5321	5.36
46606_44938_PO3_NC5_B10_1_val_1_screen	100132	60018.0	59.94	93553.0	93.43	1232.0	1.23	2429.0	2.4299999999999997	0.0	0.0	0.0	0.0	6348	6.34
46606_44938_PO3_NC5_B10_2_val_2_screen	100132	63457.0	63.37	94820.0	94.69	1940.0	1.94	3404.0	3.4	22.0	0.02	4.0	0.0	5046	5.04
46606_44938_SO1_NC1_M9_1_val_1_screen	99988	58744.0	58.76	90767.0	90.78	1303.0	1.31	2615.0	2.61	0.0	0.0	1.0	0.0	8978	8.98
46606_44938_SO1_NC1_M9_2_val_2_screen	99988	61048.0	61.06	91973.0	91.99000000000001	1938.0	1.94	3339.0	3.34	11.0	0.01	6.0	0.01	7739	7.74
46606_44938_SO2_NC1_N9_1_val_1_screen	100396	56520.0	56.300000000000004	93525.0	93.16	1423.0	1.4200000000000002	2545.0	2.53	0.0	0.0	0.0	0.0	6535	6.51
46606_44938_SO2_NC1_N9_2_val_2_screen	100396	58910.0	58.68	93777.0	93.39999999999999	2195.0	2.1799999999999997	3469.0	3.4499999999999997	20.0	0.02	1.0	0.0	6244	6.22
46606_44938_SO3_NC1_O9_1_val_1_screen	100150	55318.0	55.23	93254.0	93.13	1350.0	1.35	2391.0	2.3799999999999994	0.0	0.0	1.0	0.0	6539	6.53
46606_44938_SO3_NC1_O9_2_val_2_screen	100150	58711.0	58.62	93951.0	93.82000000000001	2129.0	2.12	3332.0	3.33	15.0	0.01	2.0	0.0	5808	5.8
46606_44993_PO1_NC5_C9_1_val_1_screen	90701	41943.0	46.25	74639.0	82.29	1811.0	1.99	2758.0	3.04	0.0	0.0	5.0	0.0	15518	17.11
46606_44993_PO1_NC5_C9_2_val_2_screen	90701	45646.0	50.31999999999999	76842.0	84.72	4924.0	5.43	5663.0	6.24	33.0	0.04	12.0	0.02	12616	13.91
46606_44993_PO2_NC5_D10_1_val_1_screen	99872	57025.0	57.1	93367.0	93.49	1283.0	1.29	2395.0	2.4	0.0	0.0	1.0	0.0	6212	6.22
46606_44993_PO2_NC5_D10_2_val_2_screen	99872	59966.0	60.050000000000004	94025.0	94.14	1815.0	1.8199999999999998	3220.0	3.2199999999999998	18.0	0.02	1.0	0.0	5552	5.56
46606_44993_PO3_NC5_E10_1_val_1_screen	99836	56944.0	57.04	93072.0	93.22999999999999	1261.0	1.26	2387.0	2.3899999999999997	1.0	0.0	1.0	0.0	6509	6.52
46606_44993_PO3_NC5_E10_2_val_2_screen	99836	59856.0	59.95	93927.0	94.08	1855.0	1.8599999999999999	3235.0	3.24	19.0	0.02	2.0	0.0	5630	5.64
46606_44993_PO4_NC5_F10_1_val_1_screen	100195	57114.0	57.0	93744.0	93.55	1408.0	1.4000000000000001	2577.0	2.57	0.0	0.0	1.0	0.0	6151	6.14
46606_44993_PO4_NC5_F10_2_val_2_screen	100195	59921.0	59.800000000000004	94150.0	93.97	2180.0	2.17	3520.0	3.51	16.0	0.02	4.0	0.0	5761	5.75
