Sample	aligned_reads	ambig_reads	discarded_reads	meth_chg	meth_chh	meth_cpg	no_alignments	percent_aligned	percent_chg_meth	percent_chh_meth	percent_cpg_meth	strand_ctob	strand_ctot	strand_directional	strand_ob	strand_ot	total_c	total_reads	unmeth_chg	unmeth_chh	unmeth_cpg
38897_44643_SO1_NC1_A1_1_val_1	3335.0	5627.0	0.0	9865.0	125225.0	8386.0	4356414.0	0.0763966265448841	56.8	71.3	92.6	0.0	0.0	directional	1291.0	2044.0	201949.0	4365376.0	7512.0	50293.0	668.0
38897_44643_SO2_NC1_B1_1_val_1	5168.0	5192.0	0.0	10475.0	121839.0	13331.0	2477745.0	0.20770827597709907	23.5	47.5	83.2	0.0	0.0	directional	2119.0	3049.0	316994.0	2488105.0	34126.0	134536.0	2687.0
38897_44643_SO3_NC1_C2_1_val_1	16812.0	15739.0	0.0	28993.0	309233.0	42691.0	8440778.0	0.19841080170497333	18.3	38.7	81.1	0.0	0.0	directional	7085.0	9727.0	1010525.0	8473329.0	129604.0	490047.0	9957.0
38897_44700_PO1_NC5_D1_1_val_1	29011.0	56688.0	2.0	136128.0	1226435.0	126028.0	10656120.0	0.27007530102676275	61.8	77.9	94.4	0.0	0.0	directional	8203.0	20806.0	1928225.0	10741819.0	84173.0	347995.0	7466.0
38897_44700_SO1_NC1_E1_1_val_1	4299.0	8281.0	0.0	18535.0	189631.0	16315.0	4161126.0	0.10300198432759758	69.1	78.9	95.5	0.0	0.0	directional	1286.0	3013.0	284342.0	4173706.0	8296.0	50790.0	775.0
38897_44700_SO2_NC1_F1_1_val_1	6563.0	10337.0	0.0	25059.0	237941.0	24101.0	3020649.0	0.21606235817101224	48.7	68.9	91.6	0.0	0.0	directional	2073.0	4490.0	423177.0	3037549.0	26424.0	107449.0	2203.0
38897_44700_SO3_NC1_G1_1_val_1	8419.0	15808.0	0.0	45579.0	403282.0	32330.0	6246110.0	0.13426710557981172	82.0	87.1	95.8	0.0	0.0	directional	2455.0	5964.0	552521.0	6270337.0	10020.0	59905.0	1405.0
38897_44700_SO4_NC1_H1_1_val_1	7213.0	7495.0	0.0	28226.0	213181.0	18894.0	3446046.0	0.20842278879111314	46.5	62.9	84.7	0.0	0.0	directional	2827.0	4386.0	422153.0	3460754.0	32502.0	125929.0	3421.0
39053_45005_PO1_NC2_I1_1_val_1	14120.0	7974.0	0.0	79571.0	763708.0	64926.0	2642871.0	0.5298381029394382	85.4	90.6	95.2	0.0	0.0	directional	9659.0	4461.0	1004038.0	2664965.0	13622.0	78968.0	3243.0
39053_45005_SO1_NC1_J1_1_val_1	11677.0	6632.0	0.0	69234.0	668444.0	55227.0	992258.0	1.1554899378269823	92.8	94.4	95.6	0.0	0.0	directional	7964.0	3713.0	840509.0	1010567.0	5364.0	39707.0	2533.0
39053_45005_SO2_NC1_K1_1_val_1	11150.0	7044.0	0.0	63377.0	607374.0	51230.0	2566312.0	0.4314170677104251	88.9	91.9	95.8	0.0	0.0	directional	7411.0	3739.0	785486.0	2584506.0	7943.0	53297.0	2265.0
41237_44641_PO1_NC4_N2_1_val_1	52725.0	70273.0	2.0	122981.0	1427385.0	144932.0	50201826.0	0.10476936789684549	30.6	53.7	88.5	0.0	0.0	directional	20804.0	31919.0	3222728.0	50324824.0	278765.0	1229878.0	18787.0
41237_44641_SO1_NC1_K2_1_val_1	15154.0	21687.0	0.0	29929.0	452044.0	34632.0	26662816.0	0.05675728343626287	31.3	56.6	88.1	0.0	0.0	directional	6176.0	8978.0	934186.0	26699657.0	65567.0	347325.0	4689.0
41237_44641_SO2_NC1_L2_1_val_1	19654.0	27753.0	3.0	59730.0	573314.0	62970.0	9651351.0	0.20264450355396021	37.3	58.5	88.7	0.0	0.0	directional	7149.0	12502.0	1210206.0	9698758.0	100214.0	405963.0	8015.0
41237_44641_SO3_NC1_M2_1_val_1	9452.0	13541.0	0.0	27468.0	296049.0	28309.0	9072800.0	0.10391617311431779	41.5	62.4	91.2	0.0	0.0	directional	3595.0	5857.0	572083.0	9095793.0	38770.0	178741.0	2746.0
41299_44636_SOe_NC1_L1_1_val_1	5080.0	9304.0	0.0	20206.0	179937.0	19489.0	1986040.0	0.25394616341335635	49.7	68.4	91.7	0.0	0.0	directional	1696.0	3384.0	324847.0	2000424.0	20442.0	83009.0	1764.0
41299_44963_PO1_NC3_N1_1_val_1	4320.0	8136.0	0.0	18521.0	180634.0	16320.0	2952986.0	0.1456781147633304	72.2	81.1	95.3	0.0	0.0	directional	1367.0	2953.0	265488.0	2965442.0	7126.0	42083.0	804.0
41299_44963_PO2_NC4_M1_1_val_1	5006.0	12009.0	0.0	27042.0	257401.0	22595.0	2323356.0	0.21389771108939565	92.0	92.1	97.9	0.0	0.0	directional	1177.0	3829.0	332112.0	2340371.0	2361.0	22225.0	488.0
41299_44963_PO3_NC3_O1_1_val_1	25732.0	59619.0	0.0	159404.0	1411265.0	135098.0	4780743.0	0.5288019508048961	94.9	95.6	98.5	0.0	0.0	directional	5172.0	20560.0	1780714.0	4866094.0	8593.0	64284.0	2070.0
41299_44963_SO1_NC1_P1_1_val_1	3023.0	3456.0	0.0	3678.0	73354.0	5012.0	5283051.0	0.057150635311643945	20.0	48.6	83.9	0.0	0.0	directional	1331.0	1692.0	175207.0	5289530.0	14670.0	77533.0	960.0
41299_44963_SO2_NC1_A2_1_val_1	5435.0	13774.0	0.0	30604.0	268321.0	26929.0	1845949.0	0.29139622487746347	77.6	87.8	97.0	0.0	0.0	directional	1388.0	4047.0	372761.0	1865158.0	8810.0	37250.0	847.0
41299_44963_SO3_NC1_B2_1_val_1	4443.0	9892.0	0.0	24816.0	218357.0	21884.0	1061425.0	0.41301033687811406	76.0	86.5	96.3	0.0	0.0	directional	1069.0	3374.0	307898.0	1075760.0	7858.0	34148.0	835.0
41299_45019_EO1_NC8_C1_1_val_1	487.0	618.0	0.0	1430.0	14179.0	1395.0	320708.0	0.15133012028724757	37.0	59.0	85.7	0.0	0.0	directional	197.0	290.0	29513.0	321813.0	2434.0	9843.0	232.0
41299_45019_EO2_NC8_D2_1_val_1	36312.0	17760.0	0.0	22327.0	278707.0	55680.0	19622610.0	0.18454330867368796	5.8	17.5	56.6	0.0	0.0	directional	17425.0	18887.0	2071830.0	19676682.0	359333.0	1313005.0	42778.0
41299_45019_EO3_NC8_E2_1_val_1	47826.0	20540.0	0.0	17784.0	348963.0	60869.0	25759062.0	0.18517523308941175	3.7	16.9	51.1	0.0	0.0	directional	23326.0	24500.0	2665481.0	25827428.0	465493.0	1714180.0	58192.0
41299_45019_EO4_NC8_F2_1_val_1	41891.0	37344.0	0.0	62383.0	682531.0	83206.0	20967962.0	0.1990336290385841	16.3	35.3	68.0	0.0	0.0	directional	18156.0	23735.0	2436812.0	21047197.0	319958.0	1249613.0	39121.0
41299_45019_EO5_NC8_G2_1_val_1	24050.0	26910.0	0.0	49187.0	529247.0	56826.0	17858211.0	0.13428873955137285	23.9	45.8	73.8	0.0	0.0	directional	9960.0	14090.0	1438784.0	17909171.0	156998.0	626355.0	20171.0
41299_45019_EO6_NC8_H2_1_val_1	17650.0	31341.0	1.0	70409.0	613490.0	69166.0	7224859.0	0.24265004089993608	49.8	68.2	91.6	0.0	0.0	directional	6099.0	11550.0	1116076.0	7273850.0	70996.0	285647.0	6368.0
41299_45019_EO7_NC8_I2_1_val_1	444.0	310.0	0.0	403.0	7626.0	560.0	546788.0	0.08108966983354701	10.8	34.9	68.5	0.0	0.0	directional	217.0	227.0	26384.0	547542.0	3341.0	14197.0	257.0
41299_45019_EO8_NC8_J2_1_val_1	22425.0	34994.0	2.0	70999.0	682227.0	78666.0	15179572.0	0.14717472760862035	38.9	60.2	91.8	0.0	0.0	directional	8236.0	14187.0	1400422.0	15236991.0	111333.0	450191.0	7006.0
41391_44650_PO1_NC4_F3_1_val_1	27650.0	14198.0	1.0	95511.0	982518.0	91903.0	12135539.0	0.22706020593744786	44.8	68.0	88.1	0.0	0.0	directional	16644.0	11005.0	1763421.0	12177387.0	117807.0	463300.0	12382.0
41391_44650_PO2_NC4_G3_1_val_1	28918.0	13960.0	0.0	74328.0	773100.0	86329.0	13427170.0	0.21468371901867014	30.9	55.0	84.6	0.0	0.0	directional	16589.0	12329.0	1748976.0	13470048.0	166472.0	633004.0	15743.0
41391_44650_PO3_NC3_E3_1_val_1	62205.0	28051.0	0.0	153810.0	1540161.0	173506.0	27091251.0	0.2288504460036009	29.1	51.1	84.7	0.0	0.0	directional	35643.0	26562.0	3745745.0	27181507.0	374804.0	1472100.0	31364.0
41391_44650_SO1_NC1_B3_1_val_1	996.0	1503.0	0.0	3842.0	39562.0	3589.0	504497.0	0.1964512540532864	52.6	74.3	91.7	0.0	0.0	directional	404.0	592.0	64459.0	506996.0	3456.0	13686.0	324.0
41391_44650_SO2_NC1_C4_1_val_1	15747.0	7428.0	2.0	34862.0	371921.0	41487.0	8542378.0	0.18384101995516225	26.5	49.5	83.7	0.0	0.0	directional	8802.0	6943.0	932522.0	8565553.0	96850.0	379341.0	8061.0
41391_44650_SO3_NC1_D3_1_val_1	8546.0	5005.0	1.0	22822.0	240968.0	23148.0	4871120.0	0.17495548830207808	35.4	57.8	87.1	0.0	0.0	directional	4873.0	3672.0	508158.0	4884671.0	41602.0	176181.0	3437.0
41391_44923_PO1_NC3_H3_1_val_1	55575.0	30213.0	0.0	55469.0	842890.0	97958.0	42924561.0	0.12921308776173845	11.9	34.6	75.5	0.0	0.0	directional	29053.0	26522.0	3034404.0	43010349.0	409801.0	1596499.0	31787.0
41391_44923_PO2_NC3_I3_1_val_1	36835.0	18688.0	1.0	81715.0	889747.0	93813.0	18400937.0	0.19957781719788084	27.4	51.2	82.1	0.0	0.0	directional	20656.0	16178.0	2152051.0	18456460.0	216846.0	849512.0	20418.0
41391_44923_PO3_NC5_J3_1_val_1	49110.0	29780.0	0.0	281624.0	2647021.0	227178.0	4944946.0	0.9775398719225707	88.0	92.3	95.7	0.0	0.0	directional	33954.0	15156.0	3426239.0	5023836.0	38348.0	221886.0	10182.0
41391_44923_PO4_NC4_K3_1_val_1	20173.0	13946.0	0.0	105247.0	1000436.0	87422.0	4113102.0	0.4864221125423507	81.0	88.1	94.8	0.0	0.0	directional	13186.0	6987.0	1357816.0	4147221.0	24690.0	135242.0	4779.0
41391_44923_SO1_NC1_O2_1_val_1	7394.0	4480.0	0.0	37755.0	383479.0	31067.0	2375152.0	0.3097578325497921	79.7	88.1	93.5	0.0	0.0	directional	4738.0	2656.0	515723.0	2387026.0	9590.0	51675.0	2157.0
41391_44923_SO2_NC1_P2_1_val_1	10669.0	6663.0	0.0	61004.0	601304.0	49569.0	2391866.0	0.44284446525358234	92.3	93.1	96.0	0.0	0.0	directional	7039.0	3630.0	763290.0	2409198.0	5059.0	44289.0	2065.0
41391_44923_SO3_NC1_A3_1_val_1	148.0	142.0	0.0	239.0	2428.0	328.0	67852.0	0.21719350767514894	18.0	39.9	79.2	0.0	0.0	directional	66.0	82.0	7832.0	68142.0	1088.0	3663.0	86.0
41460_44643_PO1_NC5_O3_1_val_1	21898.0	45124.0	1.0	90386.0	903872.0	81851.0	15215751.0	0.1432855150043778	64.5	78.1	95.0	0.0	0.0	directional	6582.0	15315.0	1383574.0	15282773.0	49710.0	253490.0	4265.0
41460_44643_PO2_NC5_P3_1_val_1	33349.0	82839.0	0.0	158597.0	1586886.0	136934.0	18518916.0	0.17895794946998952	85.3	88.5	97.8	0.0	0.0	directional	8942.0	24407.0	2119701.0	18635104.0	27416.0	206784.0	3084.0
41460_44643_PO3_NC5_A4_1_val_1	31287.0	31234.0	2.0	60721.0	600718.0	84759.0	11518207.0	0.27016436272400146	21.1	42.3	82.0	0.0	0.0	directional	13053.0	18232.0	1810428.0	11580728.0	227430.0	818136.0	18664.0
41460_44643_SO1_NC1_L3_1_val_1	6459.0	3746.0	0.0	5850.0	55954.0	11686.0	1368657.0	0.4684297630944938	9.5	21.2	72.5	0.0	0.0	directional	3054.0	3405.0	342178.0	1378862.0	55737.0	208528.0	4423.0
41460_44643_SO2_NC1_M3_1_val_1	6584.0	14769.0	0.0	25734.0	279096.0	22401.0	6113401.0	0.10732296682148951	80.0	83.3	96.9	0.0	0.0	directional	2095.0	4489.0	390375.0	6134754.0	6451.0	55982.0	711.0
41460_44643_SO3_NC1_N3_1_val_1	8037.0	14209.0	2.0	25300.0	265837.0	25336.0	6372315.0	0.12568493755865337	46.2	66.5	91.0	0.0	0.0	directional	2922.0	5113.0	482299.0	6394561.0	29484.0	133844.0	2498.0
41460_45001_PO1_NC5_E4_1_val_1	34307.0	72272.0	1.0	149258.0	1321797.0	141619.0	11937667.0	0.2848414089184163	58.3	74.9	93.7	0.0	0.0	directional	10644.0	23662.0	2171654.0	12044246.0	106882.0	442634.0	9464.0
41460_45001_PO2_NC3_F4_1_val_1	13682.0	26767.0	0.0	56663.0	497320.0	54944.0	2489823.0	0.5407323797599626	51.2	70.8	91.5	0.0	0.0	directional	4270.0	9412.0	873029.0	2530272.0	53964.0	205032.0	5106.0
41460_45001_PO3_NC4_G4_1_val_1	7226.0	5252.0	1.0	7682.0	86961.0	14073.0	2230537.0	0.32215566993533257	11.6	27.5	74.6	0.0	0.0	directional	3243.0	3982.0	401299.0	2243015.0	58485.0	229319.0	4779.0
41460_45001_SO1_NC1_B4_1_val_1	8103.0	10660.0	0.0	21486.0	205675.0	24043.0	4661189.0	0.1731428014646304	32.7	53.6	87.0	0.0	0.0	directional	3245.0	4858.0	476912.0	4679952.0	44295.0	177823.0	3590.0
41460_45001_SO2_NC1_C3_1_val_1	9034.0	17290.0	1.0	34626.0	325090.0	33551.0	5737809.0	0.15672782012489994	53.4	71.7	93.2	0.0	0.0	directional	3064.0	5969.0	554068.0	5764133.0	30189.0	128152.0	2460.0
41460_45001_SO3_NC1_D4_1_val_1	3603.0	4811.0	1.0	10126.0	92032.0	11260.0	1601065.0	0.22386126193631603	32.7	53.3	87.5	0.0	0.0	directional	1389.0	2213.0	216514.0	1609479.0	20842.0	80649.0	1605.0
42111_44957_PO1_NC3_K4_1_val_1	11858.0	23309.0	0.0	51485.0	484515.0	46639.0	3141267.0	0.37331170740522235	62.2	79.2	93.2	0.0	0.0	directional	3611.0	8247.0	744381.0	3176434.0	31255.0	127090.0	3397.0
42111_44957_PO2_NC3_L4_1_val_1	38697.0	67066.0	0.0	138527.0	1174718.0	143906.0	9046776.0	0.4228007113654474	43.9	63.8	90.9	0.0	0.0	directional	14091.0	24606.0	2314553.0	9152539.0	176862.0	666069.0	14471.0
42111_44957_SO1_NC1_H4_1_val_1	6321.0	12668.0	0.0	29190.0	276373.0	25863.0	1987291.0	0.31506070937257014	67.3	81.2	94.9	0.0	0.0	directional	1773.0	4548.0	411127.0	2006280.0	14192.0	64108.0	1401.0
42111_44957_SO2_NC1_B5_1_val_1	10271.0	11242.0	0.0	23465.0	226133.0	29330.0	4805527.0	0.212780503165501	25.1	45.7	82.9	0.0	0.0	directional	4134.0	6137.0	623378.0	4827040.0	70109.0	268270.0	6071.0
42111_44957_SO3_NC1_J4_1_val_1	7502.0	16476.0	0.0	33476.0	316219.0	29889.0	3124230.0	0.23829429313437991	65.0	80.7	94.6	0.0	0.0	directional	2202.0	5300.0	474720.0	3148208.0	18005.0	75415.0	1716.0
42111_45019_EOo_NC8_M4_1_val_1	6245.0	12687.0	0.0	22135.0	226378.0	16855.0	4863485.0	0.12790796034013482	63.2	74.2	90.1	0.0	0.0	directional	2306.0	3939.0	359011.0	4882417.0	12914.0	78878.0	1851.0
42473_44998_PO1_NC2_I4_1_val_1	11586.0	29976.0	0.0	69397.0	580267.0	59138.0	994246.0	1.1185470666378325	91.3	94.4	97.9	0.0	0.0	directional	3211.0	8375.0	751035.0	1035808.0	6618.0	34351.0	1264.0
42473_44998_SO1_NC1_P4_1_val_1	598.0	1348.0	0.0	3088.0	29062.0	2537.0	182385.0	0.3244164031009434	80.9	88.6	94.2	0.0	0.0	directional	146.0	452.0	39295.0	184331.0	727.0	3724.0	157.0
42473_44998_SO2_NC1_A5_1_val_1	8480.0	15078.0	0.0	41034.0	368107.0	36919.0	3040590.0	0.27674903431557485	66.7	80.9	95.2	0.0	0.0	directional	2570.0	5910.0	555496.0	3064148.0	20467.0	87113.0	1856.0
42473_45061_EO1_NC8_O4_1_val_1	4336.0	9399.0	0.0	21615.0	203480.0	19011.0	1461803.0	0.2938589178997762	79.9	87.6	96.7	0.0	0.0	directional	1231.0	3105.0	279001.0	1475538.0	5444.0	28798.0	653.0
42651_45042_PO1_NC3_E5_1_val_1	17495.0	20426.0	0.0	45217.0	445082.0	51217.0	11086443.0	0.15726741771484642	30.9	52.6	86.6	0.0	0.0	directional	7043.0	10452.0	1051486.0	11124364.0	101201.0	400824.0	7945.0
42651_45042_PO2_NC4_N4_1_val_1	10729.0	13049.0	0.0	20695.0	237385.0	23499.0	8716952.0	0.12274718473171005	27.3	49.6	80.3	0.0	0.0	directional	4432.0	6297.0	583719.0	8740730.0	55229.0	241154.0	5757.0
42651_45042_PO3_NC4_G5_1_val_1	13820.0	34256.0	1.0	65110.0	632344.0	58374.0	5030136.0	0.2721430298695683	66.4	81.6	95.2	0.0	0.0	directional	3621.0	10198.0	934760.0	5078212.0	32991.0	143006.0	2935.0
42651_45042_SO1_NC1_C6_1_val_1	5792.0	10097.0	0.0	25007.0	225244.0	23456.0	2440373.0	0.2358054637493883	55.9	73.9	92.6	0.0	0.0	directional	1795.0	3997.0	374752.0	2456262.0	19695.0	79488.0	1862.0
42651_45042_SO2_NC1_D5_1_val_1	4695.0	10863.0	0.0	23316.0	214740.0	20795.0	1309065.0	0.3544404709868393	65.8	81.5	94.6	0.0	0.0	directional	1203.0	3492.0	320755.0	1324623.0	12115.0	48594.0	1195.0
42651_45042_SO3_NC1_F5_1_val_1	36698.0	35743.0	2.0	66941.0	687688.0	89455.0	28747332.0	0.12733618686031983	20.5	40.5	81.1	0.0	0.0	directional	15905.0	20791.0	2133395.0	28819773.0	259643.0	1008806.0	20862.0
43028_44664_PO2_NC5_K5_1_val_1	39326.0	32405.0	0.0	44548.0	624238.0	78887.0	33767832.0	0.11621308466660756	13.5	35.3	80.5	0.0	0.0	directional	17714.0	21612.0	2197828.0	33839563.0	285778.0	1145308.0	19069.0
43028_44664_SO1_NC1_H5_1_val_1	12381.0	19941.0	0.0	46931.0	456689.0	42146.0	9492858.0	0.12998179561961035	53.2	71.3	92.6	0.0	0.0	directional	3981.0	8400.0	774643.0	9525180.0	41353.0	184147.0	3377.0
43028_44664_SO2_NC1_I5_1_val_1	15064.0	17209.0	0.0	34782.0	334780.0	43046.0	6292551.0	0.23817263531759936	25.9	46.7	84.7	0.0	0.0	directional	6008.0	9056.0	902540.0	6324824.0	99487.0	382685.0	7760.0
43028_44664_SO3_NC1_J5_1_val_1	21160.0	33609.0	2.0	64954.0	672252.0	68700.0	16910056.0	0.12472866652028536	41.6	62.5	91.2	0.0	0.0	directional	7582.0	13576.0	1306863.0	16964825.0	91316.0	402987.0	6654.0
43051_44931_SO1_NC1_L5_1_val_1	44075.0	68178.0	2.0	137435.0	1322189.0	150411.0	28001114.0	0.15677595643382025	38.7	60.1	90.7	0.0	0.0	directional	16044.0	28029.0	2719399.0	28113367.0	217549.0	876319.0	15496.0
43051_45068_EO1_NC8_M5_1_val_1	4983.0	10885.0	0.0	26938.0	247611.0	23124.0	2112546.0	0.23411798644436657	84.5	89.4	97.5	0.0	0.0	directional	1182.0	3801.0	332737.0	2128414.0	4960.0	29506.0	598.0
43051_45068_EO2_NC8_N5_1_val_1	9.0	20.0	0.0	2.0	169.0	20.0	3537.0	0.2523836231071228	5.3	48.3	100.0	0.0	0.0	directional	2.0	7.0	408.0	3566.0	36.0	181.0	0.0
43051_45068_EO3_NC8_O5_1_val_1	8959.0	13661.0	0.0	29285.0	270605.0	30125.0	6143600.0	0.14529160490543638	41.6	61.5	89.9	0.0	0.0	directional	3328.0	5631.0	544149.0	6166220.0	41060.0	169700.0	3374.0
44218_44676_PO1_NC4_M6_1_val_1	11323.0	27906.0	0.0	68640.0	570495.0	60649.0	1571158.0	0.7031229139331104	90.4	93.8	98.5	0.0	0.0	directional	2705.0	8618.0	745462.0	1610387.0	7325.0	37419.0	934.0
44218_44676_SO1_NC1_J6_1_val_1	4592.0	3553.0	0.0	4940.0	66205.0	9026.0	4378643.0	0.10467795571611849	12.2	32.7	74.8	0.0	0.0	directional	2127.0	2465.0	255261.0	4386788.0	35555.0	136490.0	3045.0
44218_44676_SO2_NC1_K6_1_val_1	9178.0	17317.0	0.0	40771.0	350574.0	37936.0	3798453.0	0.2399509744969082	60.2	75.7	93.5	0.0	0.0	directional	3088.0	6090.0	571710.0	3824948.0	26984.0	112829.0	2616.0
44218_44676_SO3_NC1_L6_1_val_1	7692.0	4023.0	0.0	3622.0	50941.0	13380.0	2727284.0	0.2808325231224984	5.0	16.3	72.7	0.0	0.0	directional	3772.0	3920.0	403107.0	2738999.0	69197.0	260946.0	5021.0
44564_44991_PO1_NC3_H6_1_val_1	41164.0	37274.0	3.0	74400.0	689823.0	106253.0	17480044.0	0.23443940085481194	19.6	37.4	83.8	0.0	0.0	directional	17966.0	23195.0	2351178.0	17558482.0	305898.0	1154315.0	20489.0
44564_44991_SO1_NC1_E6_1_val_1	5244.0	2380.0	0.0	23276.0	230625.0	20450.0	964382.0	0.5395028425750458	59.0	77.4	90.5	0.0	0.0	directional	3325.0	1919.0	360138.0	972006.0	16192.0	67456.0	2139.0
44564_44991_SO2_NC1_F6_1_val_1	9752.0	14076.0	0.0	35755.0	328001.0	35498.0	2491489.0	0.3877046113869544	43.6	65.8	88.8	0.0	0.0	directional	3311.0	6441.0	620154.0	2515317.0	46302.0	170142.0	4456.0
44564_44991_SO3_NC1_G6_1_val_1	1239.0	2738.0	0.0	6918.0	65405.0	5863.0	349306.0	0.3507103370385781	83.9	91.0	95.9	0.0	0.0	directional	234.0	1005.0	86234.0	353283.0	1323.0	6476.0	249.0
44994_45005_PO1_NC3_B6_1_val_1	4271.0	2382.0	0.0	20090.0	200508.0	17203.0	1913439.0	0.22243725821471053	68.4	82.0	93.3	0.0	0.0	directional	2760.0	1511.0	292373.0	1920092.0	9299.0	44041.0	1232.0
44994_45005_PO2_NC3_C5_1_val_1	16317.0	7640.0	0.0	47523.0	477418.0	50765.0	6033277.0	0.2693803805499342	34.1	57.6	85.4	0.0	0.0	directional	9469.0	6848.0	1027424.0	6057234.0	91690.0	351382.0	8646.0
44994_45005_SO1_NC1_P5_1_val_1	2024.0	4142.0	0.0	8287.0	88156.0	7104.0	2112279.0	0.09554177710537683	77.3	81.4	95.7	0.0	0.0	directional	637.0	1387.0	126433.0	2118445.0	2437.0	20127.0	322.0
44994_45005_SO2_NC1_A6_1_val_1	7000.0	3600.0	0.0	31788.0	298892.0	28400.0	2319817.0	0.30037542637219006	61.8	78.2	92.3	0.0	0.0	directional	4430.0	2570.0	464210.0	2330417.0	19619.0	83135.0	2376.0
44994_45005_SO3_NC1_D6_1_val_1	12044.0	5950.0	0.0	63222.0	603790.0	52495.0	2229905.0	0.5357891969345597	74.7	85.7	93.7	0.0	0.0	directional	8003.0	4041.0	845394.0	2247899.0	21358.0	100980.0	3549.0
45208_44650_PO1_NC5_A7_1_val_1	4663.0	9514.0	0.0	19140.0	174495.0	18021.0	2423289.0	0.19130523256529527	53.0	71.7	92.7	0.0	0.0	directional	1511.0	3152.0	298767.0	2437466.0	16943.0	68749.0	1419.0
45208_44650_PO2_NC3_B7_1_val_1	3707.0	6313.0	0.0	11284.0	115543.0	11740.0	2556656.0	0.14442804623567604	37.7	61.4	85.3	0.0	0.0	directional	1396.0	2311.0	231821.0	2566676.0	18643.0	72595.0	2016.0
45208_44650_PO3_NC5_C8_1_val_1	42735.0	80276.0	1.0	157690.0	1321206.0	161046.0	14735225.0	0.28761826101025717	45.2	64.5	90.3	0.0	0.0	directional	16178.0	26556.0	2576777.0	14858236.0	191065.0	728503.0	17267.0
45208_44650_SO1_NC1_N6_1_val_1	36606.0	50332.0	1.0	108160.0	1024092.0	120789.0	21256480.0	0.17150954922027953	36.2	57.9	88.7	0.0	0.0	directional	14063.0	22542.0	2203830.0	21343418.0	190537.0	744822.0	15430.0
45208_44650_SO2_NC1_O6_1_val_1	15376.0	26605.0	0.0	54727.0	508505.0	53550.0	10908792.0	0.14041017926314425	47.7	65.8	91.4	0.0	0.0	directional	5374.0	10002.0	946051.0	10950773.0	60058.0	264143.0	5068.0
45208_44650_SO3_NC1_P6_1_val_1	838.0	595.0	0.0	208.0	8872.0	1124.0	1110404.0	0.07537076028230758	3.0	23.4	69.5	0.0	0.0	directional	430.0	408.0	46461.0	1111837.0	6761.0	29003.0	493.0
45208_45054_BL1_NC16_I7_1_val_1	3611.0	9953.0	0.0	19999.0	182142.0	17082.0	768814.0	0.4615416077650445	80.4	89.8	97.0	0.0	0.0	directional	840.0	2771.0	245373.0	782378.0	4881.0	20734.0	535.0
45208_45054_BL2_NC16_J7_1_val_1	22246.0	20078.0	0.0	18895.0	368316.0	29653.0	32154243.0	0.06909432300654911	11.1	35.4	65.0	0.0	0.0	directional	10498.0	11748.0	1256005.0	32196567.0	151690.0	671505.0	15946.0
45208_45054_BL3_NC16_K7_1_val_1	28545.0	18999.0	0.0	29740.0	303585.0	49798.0	13434165.0	0.21173131685307847	11.0	24.6	65.2	0.0	0.0	directional	13323.0	15222.0	1581642.0	13481709.0	240143.0	931799.0	26577.0
45208_45054_BL4_NC16_L7_1_val_1	24763.0	26407.0	1.0	33104.0	456637.0	40961.0	28826379.0	0.08575173744835476	17.2	40.1	67.3	0.0	0.0	directional	11288.0	13474.0	1390487.0	28877549.0	159115.0	680808.0	19862.0
45208_45054_BL5_NC16_M7_1_val_1	16769.0	19140.0	0.0	27412.0	375804.0	29407.0	22265835.0	0.07519142897524067	24.0	48.6	77.5	0.0	0.0	directional	7511.0	9258.0	924915.0	22301744.0	86684.0	397083.0	8525.0
45208_45054_BL6_NC16_N7_1_val_1	15335.0	15480.0	0.0	22630.0	280608.0	27288.0	11494223.0	0.13305812961310842	18.4	40.2	69.0	0.0	0.0	directional	6921.0	8414.0	860111.0	11525038.0	100335.0	416962.0	12288.0
45208_45054_EO1_NC8_D7_1_val_1	28556.0	71427.0	2.0	138757.0	1201499.0	126002.0	11185018.0	0.25304384111264144	66.2	79.6	95.0	0.0	0.0	directional	8597.0	19957.0	1851714.0	11285001.0	70826.0	307987.0	6643.0
45208_45054_EO2_NC8_E7_1_val_1	3761.0	8348.0	0.0	18647.0	156329.0	17017.0	562123.0	0.6549617576171304	65.5	80.7	94.7	0.0	0.0	directional	1211.0	2550.0	240167.0	574232.0	9834.0	37397.0	943.0
45208_45054_EO3_NC8_F7_1_val_1	2883.0	3651.0	0.0	7999.0	79650.0	8923.0	1823719.0	0.1575192063610878	33.2	55.5	88.7	0.0	0.0	directional	1084.0	1799.0	177552.0	1830253.0	16104.0	63737.0	1139.0
45208_45054_EO4_NC8_G7_1_val_1	6832.0	7722.0	0.0	8646.0	153575.0	10778.0	8651540.0	0.07883597846965426	17.5	46.8	69.6	0.0	0.0	directional	3074.0	3758.0	393354.0	8666094.0	40900.0	174753.0	4702.0
45208_45054_EO5_NC8_H7_1_val_1	8099.0	7562.0	0.0	11208.0	141274.0	16008.0	5939604.0	0.13599730658501344	16.8	37.6	74.5	0.0	0.0	directional	3610.0	4489.0	464404.0	5955265.0	55560.0	234872.0	5482.0
45669_44700_PO1_NC5_O8_1_val_1	16638.0	9232.0	0.0	55960.0	560253.0	54823.0	8283594.0	0.20022952142280176	44.0	66.1	89.1	0.0	0.0	directional	10111.0	6527.0	1036356.0	8309464.0	71215.0	287412.0	6693.0
45669_44700_PO2_NC5_P8_1_val_1	34889.0	20461.0	0.0	101086.0	1121319.0	101352.0	14887662.0	0.23348037196249324	38.8	63.3	86.5	0.0	0.0	directional	19964.0	14925.0	2148675.0	14943012.0	159427.0	649706.0	15785.0
45669_44700_PO3_NC4_A9_1_val_1	68516.0	31828.0	0.0	192365.0	1925923.0	208551.0	28264102.0	0.24155592532990067	34.4	57.4	86.8	0.0	0.0	directional	40578.0	27938.0	4156453.0	28364446.0	367559.0	1430449.0	31606.0
45669_44700_SO1_NC1_L8_1_val_1	23057.0	53753.0	1.0	127156.0	1127071.0	110362.0	5342700.0	0.4254443667416427	79.7	88.6	97.0	0.0	0.0	directional	5307.0	17749.0	1545668.0	5419510.0	32326.0	145355.0	3398.0
45669_44700_SO2_NC1_M8_1_val_1	7055.0	5140.0	0.0	25053.0	262514.0	23296.0	5945700.0	0.11841430572374974	54.3	71.3	91.4	0.0	0.0	directional	4217.0	2838.0	440071.0	5957895.0	21098.0	105924.0	2186.0
45669_44700_SO3_NC1_N8_1_val_1	4919.0	2383.0	0.0	5522.0	72556.0	9422.0	2721801.0	0.18024237267702978	13.0	33.6	75.5	0.0	0.0	directional	2606.0	2313.0	270586.0	2729103.0	36899.0	143135.0	3052.0
45669_44964_PO1_NC4_B8_1_val_1	4111.0	2027.0	0.0	17189.0	157480.0	15692.0	887610.0	0.459973057282366	52.4	72.2	89.8	0.0	0.0	directional	2605.0	1506.0	268339.0	893748.0	15586.0	60608.0	1784.0
45669_44964_PO2_NC4_C7_1_val_1	12257.0	6914.0	0.0	57096.0	574837.0	46852.0	4422348.0	0.2759641465003302	68.0	82.1	92.0	0.0	0.0	directional	7899.0	4358.0	834900.0	4441519.0	26840.0	125215.0	4060.0
45669_44964_PO3_NC3_D8_1_val_1	16807.0	6480.0	1.0	44541.0	444612.0	49836.0	5005812.0	0.3341950516384744	30.0	53.3	82.4	0.0	0.0	directional	9630.0	7176.0	1043623.0	5029099.0	104037.0	389987.0	10610.0
45669_44964_PO4_NC3_E8_1_val_1	19402.0	8589.0	1.0	70106.0	703599.0	65671.0	6320135.0	0.305633505069055	46.7	68.3	88.8	0.0	0.0	directional	11657.0	7744.0	1254855.0	6348126.0	79858.0	327311.0	8310.0
45669_44964_SO1_NC1_O7_1_val_1	46479.0	27997.0	0.0	35573.0	434449.0	74680.0	25576080.0	0.18120075058022134	8.0	21.7	62.9	0.0	0.0	directional	22043.0	24436.0	2566430.0	25650556.0	408319.0	1569446.0	43963.0
45669_44964_SO2_NC1_P7_1_val_1	4437.0	2916.0	1.0	18010.0	185995.0	15675.0	1448299.0	0.30481186437417734	61.1	78.5	90.9	0.0	0.0	directional	2741.0	1695.0	283759.0	1455652.0	11488.0	51028.0	1563.0
45669_44964_SO3_NC1_A8_1_val_1	8927.0	4227.0	0.0	10167.0	130151.0	18630.0	5625605.0	0.15831497675286355	12.3	32.2	76.9	0.0	0.0	directional	4583.0	4344.0	511540.0	5638759.0	72592.0	274392.0	5608.0
45982_44908_PO1_NC3_J8_1_val_1	3932.0	4632.0	0.0	7877.0	92646.0	9119.0	4252454.0	0.09227841797429628	28.0	50.3	86.5	0.0	0.0	directional	1632.0	2300.0	223033.0	4261018.0	20290.0	91672.0	1429.0
45982_44908_PO2_NC4_K8_1_val_1	21524.0	43392.0	1.0	109682.0	939522.0	99123.0	4273945.0	0.49607489154411727	70.4	82.8	95.3	0.0	0.0	directional	6073.0	15450.0	1394593.0	4338861.0	46142.0	195212.0	4912.0
45982_44908_SO1_NC1_G8_1_val_1	30305.0	84723.0	2.0	161493.0	1454551.0	142946.0	6396454.0	0.4654086427636596	76.3	87.2	96.9	0.0	0.0	directional	7115.0	23188.0	2026371.0	6511482.0	50146.0	212727.0	4508.0
45982_44908_SO2_NC1_H8_1_val_1	18845.0	25486.0	0.0	56129.0	509073.0	62511.0	5652235.0	0.33081333561306936	34.8	55.7	87.6	0.0	0.0	directional	7014.0	11831.0	1145943.0	5696566.0	105281.0	404063.0	8886.0
45982_44908_SO3_NC1_I8_1_val_1	9412.0	19494.0	0.0	45811.0	405787.0	41225.0	2814089.0	0.3310593230026785	68.1	81.9	95.3	0.0	0.0	directional	2631.0	6781.0	606229.0	2842995.0	21414.0	89952.0	2040.0
45982_45001_PO1_NC3_E9_1_val_1	11689.0	30427.0	2.0	67815.0	562793.0	59486.0	1684567.0	0.6769627082678176	85.1	91.1	97.8	0.0	0.0	directional	3073.0	8614.0	758053.0	1726683.0	11898.0	54744.0	1317.0
45982_45001_PO2_NC4_F8_1_val_1	19561.0	9984.0	0.0	82073.0	814609.0	72063.0	5609976.0	0.34685569926949467	57.5	75.5	90.9	0.0	0.0	directional	12120.0	7441.0	1300824.0	5639521.0	60766.0	264069.0	7244.0
45982_45001_SO1_NC1_B9_1_val_1	23078.0	12274.0	0.0	71499.0	767954.0	71129.0	16934741.0	0.13599218342527647	40.7	64.0	88.3	0.0	0.0	directional	14048.0	9030.0	1456317.0	16970093.0	104377.0	431944.0	9414.0
45982_45001_SO2_NC1_C10_1_val_1	6751.0	12603.0	0.0	27459.0	229820.0	27140.0	1162661.0	0.5711433442045998	50.1	68.7	92.0	0.0	0.0	directional	2320.0	4431.0	418698.0	1182015.0	27355.0	104575.0	2349.0
45982_45001_SO3_NC1_D9_1_val_1	8363.0	18003.0	1.0	36523.0	309324.0	34751.0	2226686.0	0.37118539651992055	56.0	73.3	93.4	0.0	0.0	directional	2579.0	5783.0	524471.0	2253052.0	28739.0	112685.0	2449.0
46363_44664_PO1_NC5_L9_1_val_1	10100.0	10656.0	0.0	19433.0	217041.0	24442.0	8121215.0	0.1240485872523987	24.0	46.7	82.6	0.0	0.0	directional	4233.0	5867.0	575571.0	8141971.0	61696.0	247796.0	5163.0
46363_44664_SO1_NC1_I9_1_val_1	73888.0	82193.0	3.0	135506.0	1472938.0	180090.0	55717727.0	0.13224085245809628	22.9	44.5	84.9	0.0	0.0	directional	31617.0	42268.0	4111886.0	55873808.0	455444.0	1835787.0	32121.0
46363_44664_SO2_NC1_J9_1_val_1	10297.0	14015.0	1.0	24371.0	280898.0	26380.0	9628774.0	0.10667055074408328	35.8	58.0	88.5	0.0	0.0	directional	4082.0	6214.0	582380.0	9653086.0	43768.0	203533.0	3430.0
46363_44664_SO3_NC1_K9_1_val_1	16378.0	31704.0	0.0	69661.0	605344.0	66531.0	4919505.0	0.3296972956890337	58.1	74.5	93.8	0.0	0.0	directional	5349.0	11029.0	1002997.0	4967587.0	50152.0	206930.0	4379.0
46363_44914_PO1_NC4_H9_1_val_1	19117.0	33876.0	2.0	67078.0	596708.0	68438.0	8274383.0	0.22956811365308832	45.0	64.7	91.2	0.0	0.0	directional	6744.0	12371.0	1146402.0	8327376.0	81843.0	325762.0	6573.0
46363_44914_SO1_NC1_F9_1_val_1	19977.0	44998.0	0.0	70757.0	776564.0	68236.0	17351219.0	0.11470359138167617	53.6	75.1	93.7	0.0	0.0	directional	6246.0	13731.0	1239222.0	17416194.0	61260.0	257781.0	4624.0
46363_44914_SO2_NC1_G9_1_val_1	38292.0	31421.0	1.0	57670.0	535949.0	92126.0	11553587.0	0.3294417248113703	15.5	32.0	78.5	0.0	0.0	directional	16925.0	21366.0	2165139.0	11623300.0	313821.0	1140274.0	25299.0
46363_44914_SO3_NC1_I6_1_val_1	10652.0	20239.0	1.0	51855.0	475411.0	46441.0	2472610.0	0.4254841519935482	66.0	81.7	93.7	0.0	0.0	directional	2888.0	7763.0	709755.0	2503501.0	26740.0	106202.0	3106.0
46606_44938_PO1_NC4_P9_1_val_1	11389.0	32493.0	0.0	69961.0	571887.0	59118.0	1641951.0	0.6755710678341212	91.1	93.8	98.1	0.0	0.0	directional	2838.0	8551.0	746379.0	1685833.0	6805.0	37478.0	1130.0
46606_44938_PO2_NC3_A10_1_val_1	15494.0	31814.0	1.0	70985.0	602689.0	67979.0	3526579.0	0.43353357282980687	57.3	75.5	92.5	0.0	0.0	directional	4959.0	10534.0	995991.0	3573887.0	52883.0	195953.0	5502.0
46606_44938_PO3_NC5_B10_1_val_1	18441.0	11403.0	0.0	22488.0	212112.0	40418.0	7179697.0	0.2557860479606122	12.6	27.0	76.9	0.0	0.0	directional	8493.0	9948.0	1016904.0	7209541.0	156498.0	573269.0	12119.0
46606_44938_SO1_NC1_M9_1_val_1	29526.0	61540.0	0.0	87480.0	1136716.0	82600.0	43604008.0	0.06757283441149453	58.9	75.3	93.9	0.0	0.0	directional	10447.0	19079.0	1745198.0	43695074.0	61064.0	371934.0	5404.0
46606_44938_SO2_NC1_N9_1_val_1	10197.0	14674.0	1.0	31071.0	293451.0	31759.0	4794169.0	0.21159816062950296	39.8	60.7	88.6	0.0	0.0	directional	3763.0	6433.0	597478.0	4819040.0	46958.0	190151.0	4088.0
46606_44938_SO3_NC1_O9_1_val_1	10419.0	26466.0	4.0	55289.0	465095.0	50858.0	2767329.0	0.37154796317256816	75.4	85.7	96.5	0.0	0.0	directional	2862.0	7553.0	668887.0	2804214.0	18029.0	77771.0	1845.0
46606_44993_PO1_NC5_C9_1_val_1	2072.0	5394.0	0.0	11693.0	109414.0	9994.0	446039.0	0.45688581162280456	88.1	92.4	97.5	0.0	0.0	directional	489.0	1583.0	141905.0	453505.0	1576.0	8970.0	258.0
46606_44993_PO2_NC5_D10_1_val_1	22215.0	57113.0	3.0	118558.0	973632.0	108400.0	6012902.0	0.3646448016571928	70.2	82.8	95.8	0.0	0.0	directional	6275.0	15937.0	1457983.0	6092230.0	50446.0	202217.0	4730.0
46606_44993_PO3_NC5_E10_1_val_1	22078.0	26323.0	0.0	55579.0	517383.0	65476.0	8737254.0	0.2512960046803568	28.5	49.1	83.7	0.0	0.0	directional	8541.0	13537.0	1327395.0	8785655.0	139140.0	537088.0	12729.0
46606_44993_PO4_NC5_F10_1_val_1	54200.0	92275.0	1.0	197911.0	1623409.0	206121.0	11275858.0	0.47450901667811646	42.9	62.7	88.8	0.0	0.0	directional	19861.0	34338.0	3282612.0	11422333.0	263064.0	966002.0	26105.0
